col0 method number_of_models_used mcore Dmcore sigma Dsigma mstar Dmstar theta_view Dtheta_view dist av Dav rcore Drcore massenv Dmassenv theta_w_esc Dtheta_w_esc rstar Drstar lstar Dlstar tstar Dtstar mdisk Dmdisk rdisk Drdisk mdotd Dmdotd lbol Dlbol lbol_iso Dlbol_iso lbol_av Dlbol_av t_now Dt_now Source_Name
"" "average model method 2" 273 387.21753 1.28489 1.81933 1.77869 26.12206 1.47479 56.25492 21.77143 2400.0 251.54464 130.58342 0.10735 1.46570 328.07174 1.33274 1.70276e+01 6.16579 17.40036 1.93051 2.04722e+05 1.84478 2.94485e+04 1.47644 8.70735 1.47479 6.60789e+01 1.59234 1.25152e-03 1.43074 2.59268e+05 1.87307 2.03116e+05 2.11391 7.65345e+04 1.05925 4.03574e+04 1.67076 G010.3009-00.1477
"" "average model method 2" 124 352.90872 1.52587 0.26999 3.48473 55.93328 1.75763 65.48905 15.44151 12600.0 22.10407 19.51240 0.26605 2.21711 155.16137 1.93365 4.48404e+01 14.28671 11.56714 1.50334 4.59960e+05 2.75922 4.42200e+04 1.13384 18.64443 1.75763 3.63452e+02 1.94967 3.16935e-04 2.33311 5.15734e+05 2.66211 1.12986e+05 1.30605 8.85925e+04 1.06260 2.70666e+05 2.30687 G010.3204-00.2328
"" "average model method 2" 12 244.22867 1.66794 0.23709 4.76715 48.20892 1.34692 75.08781 14.70673 3500.0 4.23551 7.70727 0.23618 2.79565 97.80058 2.08673 4.97420e+01 7.69131 10.17355 1.11043 3.75787e+05 1.46508 4.48282e+04 1.07894 16.06964 1.34692 3.80173e+02 2.34252 2.32911e-04 2.69276 4.20934e+05 1.41804 7.70571e+04 1.18656 7.26744e+04 1.09941 3.05324e+05 3.12908 G010.3204-00.2586
"" "average model method 2" 772 320.98937 1.54291 0.70830 3.66101 41.89170 1.65350 61.95437 17.23397 11000.0 27.34172 30.79560 0.15665 2.20506 194.47533 1.82766 3.32690e+01 12.84846 12.19965 1.58804 3.42066e+05 2.23976 3.99858e+04 1.28071 13.96390 1.65350 1.68165e+02 2.24593 6.49001e-04 2.51033 4.13530e+05 2.20094 1.32925e+05 1.60463 1.07523e+05 1.56171 1.12531e+05 2.72731 G010.4724+00.0275
"" "average model method 2" 2433 257.79401 1.71577 0.66607 3.41585 33.06056 1.81528 54.45537 22.08180 11000.0 43.01795 71.00177 0.14477 2.17502 147.21119 2.21686 3.38280e+01 15.57518 11.10721 1.74371 2.06065e+05 2.86281 3.69190e+04 1.37522 11.02019 1.81528 1.54200e+02 2.28023 5.06931e-04 2.46246 2.56300e+05 2.74164 1.55946e+05 3.56203 7.10686e+04 1.82443 1.10711e+05 2.61952 G010.4736+00.0274
"" "average model method 2" 243 317.94187 1.34375 1.56045 2.03042 33.47706 1.55095 58.97359 18.97547 2400.0 94.64836 55.72372 0.10504 1.62081 238.57794 1.35282 2.39854e+01 7.90470 13.38557 1.66425 2.86493e+05 1.89705 3.65184e+04 1.34412 11.15902 1.55094 9.13513e+01 1.74810 1.15640e-03 1.51841 3.71609e+05 1.83805 1.70682e+05 1.39520 1.08653e+05 1.15786 5.46461e+04 1.85284 G010.6223-00.3788
"" "average model method 2" 67 248.02031 1.24064 2.85062 1.39238 26.88180 1.32452 55.82916 20.22532 2400.0 131.68980 49.20680 0.06864 1.29192 192.68289 1.25491 2.04972e+01 4.89117 19.46929 1.43350 2.86141e+05 1.50431 3.02707e+04 1.29058 8.96060 1.32452 6.05990e+01 1.39818 1.57832e-03 1.18919 3.44020e+05 1.54321 1.88780e+05 1.36175 1.02196e+05 1.09264 3.31174e+04 1.38862 G010.6234-00.3837
"" "average model method 2" 70 251.54423 1.24908 2.86323 1.38323 25.77509 1.32328 54.79102 20.46857 2400.0 128.34515 56.21304 0.06897 1.28633 198.00532 1.29117 1.97455e+01 4.87870 20.28555 1.47423 2.64647e+05 1.60201 2.90821e+04 1.32671 8.59170 1.32328 5.82922e+01 1.37455 1.56125e-03 1.21749 3.16944e+05 1.64636 1.79116e+05 1.39216 9.97134e+04 1.09000 3.21474e+04 1.36030 G010.6240-00.3813
"" "average model method 2" 139 368.31777 1.30911 1.90722 1.77364 37.05308 1.62734 58.15633 18.00894 13700.0 27.26110 30.93024 0.10226 1.47894 277.23958 1.32237 2.34220e+01 9.67208 17.70033 1.60584 3.93714e+05 1.71185 3.43840e+04 1.36979 12.35103 1.62734 8.70169e+01 1.84757 1.46810e-03 1.28118 4.79776e+05 1.72727 2.23893e+05 1.20138 1.92111e+05 1.16395 4.77952e+04 1.86578 G010.9584+00.0221
"" "average model method 2" 81 166.10835 1.71524 0.28620 3.96084 30.89893 1.51524 69.29020 13.49368 2700.0 16.79142 14.39027 0.17728 2.53911 69.47796 2.29780 4.60986e+01 10.92221 8.82932 1.50590 1.47463e+05 2.13564 3.80854e+04 1.29329 10.29964 1.51524 2.62976e+02 2.00211 2.02834e-04 2.35523 1.69907e+05 2.13214 3.59382e+04 1.21451 3.00175e+04 1.08006 2.30789e+05 2.56313 G010.9656+00.0089
"" "average model method 2" 10 327.25779 1.45255 1.58421 2.23627 49.65906 1.52630 35.62848 7.96303 16800.0 2.97506 5.99343 0.10576 1.77933 206.74576 1.52018 3.15890e+01 7.90456 13.01070 1.28411 5.33926e+05 1.60177 4.32784e+04 1.20230 16.55302 1.52630 1.24196e+02 1.80381 1.35523e-03 1.55375 6.82579e+05 1.58699 4.38563e+05 1.21024 4.17775e+05 1.13804 6.64519e+04 1.96017 G011.1104-00.3985
"" "average model method 2" 35 251.76696 1.71887 0.19949 3.72606 37.63453 1.47994 67.47237 16.44002 12800.0 14.03495 13.81668 0.26142 2.51784 136.88657 1.93306 4.10454e+01 9.10508 9.57703 1.40914 2.27369e+05 1.87647 4.07492e+04 1.22823 12.54484 1.47994 3.18654e+02 2.18730 2.07112e-04 2.17882 2.55481e+05 1.83335 7.44658e+04 1.19479 6.42397e+04 1.05550 2.96388e+05 2.66694 G011.1712-00.0662
"" "average model method 2" 168 228.35843 1.58692 0.10931 1.45900 9.75447 1.40041 62.76222 17.58877 4100.0 52.38490 28.25942 0.33634 1.44268 193.53593 1.88119 1.83957e+01 11.30288 8.10591 1.49503 1.09210e+04 2.16423 2.07356e+04 1.39102 3.25149 1.40041 1.51664e+02 1.39230 7.93178e-05 1.25795 1.41512e+04 1.87391 9.65401e+03 1.26488 7.15377e+03 1.11071 2.31441e+05 1.36147 G011.9032-00.1407
"" "average model method 2" 158 237.72867 1.55365 0.10600 1.40307 9.69860 1.39224 61.88490 17.80883 4100.0 52.93347 29.77356 0.34849 1.39297 204.39713 1.79740 1.77768e+01 10.72678 8.16131 1.51143 1.06900e+04 2.15805 2.05550e+04 1.39265 3.23287 1.39224 1.51781e+02 1.41806 7.84725e-05 1.22351 1.38868e+04 1.83949 9.79013e+03 1.27534 7.22245e+03 1.10646 2.33518e+05 1.38350 G011.9039-00.1411
"" "average model method 2" 151 430.73703 1.18765 1.62850 1.76909 36.26412 1.58268 52.07596 22.62381 12600.0 7.68573 20.04030 0.11968 1.40966 339.98163 1.24188 2.15169e+01 9.36672 16.19872 1.79226 3.43633e+05 1.75473 3.47404e+04 1.39333 12.08804 1.58268 8.80021e+01 1.80049 1.35278e-03 1.34073 4.33572e+05 1.71774 3.52448e+05 2.55805 2.77101e+05 1.47439 5.07711e+04 1.83802 G011.9446-00.0369
"" "average model method 2" 340 317.50960 1.52209 0.66799 3.23919 45.30092 1.57924 61.41534 16.50815 11900.0 41.78998 33.10885 0.16043 2.16720 191.56173 1.65547 3.47124e+01 9.80223 11.26249 1.42847 3.70586e+05 2.09701 4.24577e+04 1.22380 15.10031 1.57924 1.83084e+02 1.99980 6.44842e-04 2.16723 4.52675e+05 2.04826 1.33316e+05 1.36922 9.90959e+04 1.22000 1.22675e+05 2.38280 G012.1988-00.0345
"" "average model method 2" 161 385.89366 1.28995 1.83573 1.77923 36.90117 1.60388 61.57540 18.06161 13600.0 18.93965 27.52322 0.10669 1.45851 294.61143 1.32346 2.28926e+01 9.59056 17.59727 1.66193 3.81381e+05 1.67022 3.42112e+04 1.38558 12.30039 1.60388 8.68616e+01 1.84317 1.44285e-03 1.29672 4.66834e+05 1.69100 2.21027e+05 1.20928 1.98639e+05 1.15858 4.83639e+04 1.87361 G012.2081-00.1019
"" "average model method 2" 34 396.55619 1.31119 1.03416 2.05806 83.32725 1.44220 26.93267 11.12759 13900.0 10.32704 9.52652 0.14410 1.61518 177.37428 1.34508 4.46055e+01 8.43180 15.31250 1.29424 1.08164e+06 1.73883 4.75937e+04 1.04431 27.77575 1.44220 2.37622e+02 1.70036 1.14594e-03 1.58805 1.28146e+06 1.60719 4.07989e+06 1.39610 1.49528e+06 1.36765 1.17201e+05 1.81440 G012.4294-00.0479
"" "average model method 2" 159 432.69230 1.19205 1.60057 1.76372 33.94213 1.54065 53.44338 23.01083 2100.0 0.20081 1.71118 0.12099 1.41209 350.02421 1.24299 2.02464e+01 8.58001 15.38764 1.82521 3.06737e+05 1.74534 3.46463e+04 1.37702 11.31404 1.54065 8.41200e+01 1.72592 1.30541e-03 1.37262 3.92937e+05 1.68582 3.42898e+05 2.66566 3.37090e+05 2.56965 4.95714e+04 1.77714 G012.8131-00.1976
"" "average model method 2" 27 30.16684 1.51203 0.34426 2.87304 7.40700 1.34133 70.93280 12.48672 1900.0 37.43332 24.65217 0.06888 2.07430 12.08838 2.11147 4.29655e+01 5.46008 9.77129 1.86922 5.79480e+03 5.43192 1.61189e+04 1.55084 2.46900 1.34133 1.23247e+02 1.79397 8.11726e-05 1.77812 9.81399e+03 1.43481 2.42212e+03 1.30783 1.88273e+03 1.16013 1.50809e+05 2.17823 G012.9995-00.3583
"" "average model method 2" 333 318.95130 1.62653 0.28697 3.50227 47.55713 1.74920 60.82443 17.27162 4600.0 47.10448 39.23449 0.24533 2.30914 157.34600 1.95093 4.17189e+01 13.51246 10.85473 1.50726 3.47922e+05 2.71757 4.25709e+04 1.21024 15.85238 1.74920 3.08601e+02 2.05134 3.14076e-04 2.25493 3.96305e+05 2.60911 1.25922e+05 2.34200 7.03603e+04 1.15056 2.41479e+05 2.40866 G013.2099-00.1428
"" "average model method 2" 54 114.37325 1.27926 0.12375 1.81233 16.85142 1.52871 62.43059 17.31092 1900.0 11.54953 11.39171 0.22371 1.47495 57.30092 1.57978 4.33673e+01 13.30483 5.76768 1.50254 3.02583e+04 2.58167 3.17148e+04 1.29380 5.61714 1.52871 2.76929e+02 1.56048 7.44905e-05 1.46330 3.73796e+04 2.38289 1.02313e+04 1.16315 9.12466e+03 1.06775 3.48217e+05 1.54039 G013.3850+00.0684
"" "average model method 2" 60 394.59393 1.18200 3.16000 1.00000 24.00000 1.00000 57.34504 21.41925 4400.0 163.29977 36.72490 0.08223 1.08720 353.31030 1.21169 1.31896e+01 1.54160 31.67314 1.09005 2.68139e+05 1.01409 2.33505e+04 1.04751 8.00000 1.00000 4.67189e+01 1.06717 1.86095e-03 1.04034 3.01113e+05 1.02035 2.63598e+05 1.48674 1.36038e+05 1.03273 2.53635e+04 1.05398 G013.8726+00.2818
"" "average model method 2" 16 356.77996 1.71969 0.23709 4.68469 52.30006 1.37470 64.62679 16.55426 14700.0 7.24008 10.34688 0.28546 2.82632 206.39079 1.89247 3.95224e+01 5.51456 11.01184 1.12964 4.57640e+05 1.43544 4.52640e+04 1.10325 17.43335 1.37470 3.38982e+02 2.37660 3.14442e-04 2.53585 5.15878e+05 1.37540 1.67738e+05 1.19405 1.53593e+05 1.04793 2.80227e+05 3.15587 G014.1741+00.0245
"" "average model method 2" 14 405.10772 1.32632 0.17780 2.95244 78.38367 1.44655 73.52134 10.24539 11600.0 4.12164 3.87623 0.35125 1.91547 142.44156 1.56926 5.43903e+01 9.09390 13.49589 1.32451 8.42425e+05 1.91491 4.76249e+04 1.02928 26.12789 1.44655 6.09665e+02 1.77280 2.47248e-04 2.10806 8.99555e+05 1.86106 1.26224e+05 1.09903 1.18766e+05 1.04845 4.37181e+05 2.12780 G014.2460-00.0728
"" "average model method 2" 47 168.48836 1.71064 0.31614 4.39094 29.89184 1.50594 67.87323 14.03178 13100.0 13.75767 15.28835 0.16988 2.68568 74.84091 2.38045 4.36410e+01 10.67975 8.76749 1.61056 1.37595e+05 2.16235 3.75634e+04 1.33668 9.96395 1.50594 2.37179e+02 2.05067 2.24431e-04 2.52663 1.62317e+05 2.18473 3.79048e+04 1.21355 3.27152e+04 1.06980 2.08109e+05 2.72687 G014.7785-00.3328
"" "average model method 2" 11 152.41073 2.05978 0.65767 6.06996 26.77325 1.32138 54.82593 12.99859 12200.0 8.94369 12.58250 0.11202 3.52024 84.77706 2.59989 3.50680e+01 4.38600 10.71996 1.69976 1.54923e+05 1.34610 3.49932e+04 1.36482 8.92442 1.32138 1.44571e+02 2.40966 4.11253e-04 2.94063 1.87267e+05 1.50683 7.38081e+04 1.20625 6.55975e+04 1.04188 1.14095e+05 3.50401 G016.3913-00.1383
"" "average model method 2" 183 335.39067 1.46435 0.86481 2.70647 45.49739 1.64206 59.25923 16.65600 11100.0 46.51045 36.71560 0.14492 1.96497 211.48618 1.50946 3.24123e+01 10.46244 12.09316 1.44482 4.03417e+05 2.12802 4.18524e+04 1.21202 15.16580 1.64206 1.58319e+02 1.98524 8.12415e-04 1.85308 4.96020e+05 2.03917 1.59713e+05 1.34165 1.17656e+05 1.10707 9.96170e+04 2.18952 G016.9445-00.0738
"" "average model method 2" 126 303.23303 1.63592 0.16080 3.00962 31.56853 1.46000 65.34174 15.58595 17000.0 20.23424 19.79254 0.31955 2.18015 191.23935 2.09493 3.41978e+01 11.67477 8.12062 1.39172 1.43849e+05 2.13174 3.94669e+04 1.17080 10.52285 1.46000 2.90883e+02 1.78124 1.81308e-04 1.96496 1.66659e+05 2.07342 6.33480e+04 1.27791 5.27050e+04 1.10957 2.99987e+05 2.11509 G017.0299-00.0696
"" "average model method 2" 65 346.48535 1.48508 0.18259 2.88484 54.61744 1.62989 68.84844 14.17624 10400.0 16.37508 13.83079 0.32055 1.97979 156.57300 1.80323 4.61816e+01 11.95457 10.86892 1.38524 4.30288e+05 2.43113 4.48640e+04 1.07742 18.20581 1.62989 4.37352e+02 1.78215 2.31108e-04 2.00884 4.71338e+05 2.34949 1.00027e+05 1.21272 8.41758e+04 1.07310 3.60549e+05 2.04420 G017.1141-00.1124
"" "average model method 2" 11 441.82447 1.09989 0.15197 2.17291 89.60087 1.33931 78.00077 5.90811 10400.0 4.40838 3.94962 0.39677 1.48199 139.47014 1.42211 5.79902e+01 6.54974 14.76091 1.28052 1.05827e+06 1.69179 4.82108e+04 1.01549 29.86696 1.33931 7.46725e+02 1.28702 2.24769e-04 1.77310 1.09797e+06 1.68905 1.25424e+05 1.10790 1.17887e+05 1.05142 5.22247e+05 1.58764 G017.5549+00.1654
"" "average model method 2" 31 185.39407 1.77743 0.30463 4.88505 36.13461 1.46582 67.66931 14.80494 14100.0 9.99887 11.42121 0.18154 2.86551 70.21344 2.63695 4.79457e+01 10.68666 9.05675 1.33904 2.05588e+05 1.99601 4.08616e+04 1.19949 12.04487 1.46582 2.83968e+02 2.14754 2.30351e-04 2.74520 2.37997e+05 2.01912 4.97298e+04 1.19978 4.35142e+04 1.08047 2.33248e+05 2.94383 G017.9850+00.1266
"" "average model method 2" 63 240.59825 1.75588 0.21151 4.01196 29.95032 1.44790 67.66336 13.89439 3000.0 10.23977 11.13500 0.24819 2.59195 126.06893 2.79806 3.77941e+01 14.09631 7.96818 1.40447 1.29759e+05 2.15430 3.88290e+04 1.18944 9.98344 1.44790 2.62991e+02 1.82644 1.93161e-04 2.37256 1.52970e+05 2.14964 4.89019e+04 1.15809 4.33900e+04 1.11253 2.54557e+05 2.41593 G018.4433-00.0056
"" "average model method 2" 114 376.96168 1.29431 2.04743 1.75089 31.97894 1.46573 58.69533 18.48640 12000.0 23.78476 26.88447 0.09985 1.45123 305.87087 1.30771 1.97536e+01 6.97410 18.83811 1.70168 3.22230e+05 1.42962 3.17011e+04 1.37193 10.65965 1.46573 7.33235e+01 1.68885 1.48438e-03 1.29968 3.93325e+05 1.47955 2.23627e+05 1.19303 1.98248e+05 1.15275 4.14369e+04 1.76485 G018.4614-00.0038
"" "average model method 2" 123 262.18411 1.82568 0.22571 3.60574 28.85254 1.42957 64.74059 15.65943 10900.0 38.67877 22.96230 0.25080 2.54570 169.08160 2.23460 3.28714e+01 10.02285 8.43594 1.54807 1.28911e+05 1.95561 3.76753e+04 1.27092 9.61752 1.42957 2.33790e+02 1.93009 2.20409e-04 2.11642 1.52617e+05 1.92159 5.88063e+04 1.27510 4.35166e+04 1.08990 2.29715e+05 2.41223 G018.7106+00.0002
"" "average model method 2" 9 211.27808 2.03093 0.14677 3.16152 47.37592 1.97229 70.85452 13.01676 2600.0 15.54582 17.35664 0.27920 2.40179 43.32998 2.26903 6.30817e+01 12.70557 9.93621 1.49798 3.07463e+05 3.70461 4.31410e+04 1.13416 15.79197 1.97229 6.04609e+02 2.51611 1.03448e-04 2.03070 3.34287e+05 3.48180 3.26303e+04 1.36346 2.61892e+04 1.05549 4.79181e+05 2.49853 G018.7612+00.2630
"" "average model method 2" 21 117.43341 2.05377 0.71934 5.12266 28.76817 1.66963 59.58418 14.31274 12600.0 13.75060 13.53630 0.09402 3.16999 39.85737 2.58137 4.73121e+01 11.63482 11.42826 1.81122 1.59949e+05 2.21940 3.41630e+04 1.51628 9.58939 1.66963 1.71970e+02 2.58226 3.50514e-04 2.71454 1.89669e+05 2.26132 4.20456e+04 1.23092 3.46518e+04 1.06498 1.22611e+05 3.29341 G019.0035+00.1280
"" "average model method 2" 404 366.66598 1.34869 1.37555 2.00377 36.23772 1.56041 58.35088 20.31075 4600.0 46.61350 65.11404 0.12014 1.58336 275.31523 1.40550 2.41074e+01 9.14516 12.87476 1.64977 3.15221e+05 1.88298 3.81361e+04 1.29125 12.07924 1.56041 9.98017e+01 1.79000 1.12746e-03 1.51473 4.10822e+05 1.76827 2.30736e+05 2.10569 1.62735e+05 1.20370 6.02407e+04 1.88122 G019.0767-00.2882
"" "average model method 2" 804 239.33393 1.87734 0.47544 3.71095 44.97769 1.84698 41.68429 21.05539 4600.0 33.62733 36.33226 0.16510 2.48186 96.84485 2.42785 4.54854e+01 14.17932 11.19462 1.55168 3.30694e+05 2.86719 4.13908e+04 1.29640 14.99256 1.84698 2.52014e+02 2.32936 3.88329e-04 2.37025 3.89029e+05 2.71642 4.52414e+05 3.27666 1.49838e+05 1.49066 1.74828e+05 2.68124 G019.4752+00.1728
"" "average model method 2" 191 309.09752 1.63645 0.24398 3.40558 39.25766 1.68837 65.38182 16.13640 12700.0 42.82624 26.47744 0.26192 2.28568 167.95841 2.10355 3.82182e+01 13.61030 9.37666 1.49144 2.28661e+05 2.70785 4.12407e+04 1.20051 13.08589 1.68837 2.85674e+02 1.84805 2.62349e-04 2.22435 2.65333e+05 2.62185 7.49561e+04 1.33113 5.26943e+04 1.10619 2.47086e+05 2.21793 G019.7281-00.1135
"" "average model method 2" 30 332.74008 1.43734 1.58428 2.04470 48.44062 1.67108 39.68347 9.90634 9300.0 11.89461 14.86631 0.10664 1.68000 209.76324 1.43002 3.12257e+01 10.39129 14.26167 1.40135 5.32217e+05 1.87399 4.13037e+04 1.24598 16.14687 1.67108 1.22853e+02 1.92067 1.33780e-03 1.45232 6.64931e+05 1.82217 2.97552e+05 1.22581 2.61912e+05 1.12977 6.55237e+04 1.96132 G020.0720-00.1421
"" "average model method 2" 524 358.64868 1.38639 1.22354 2.27219 39.83595 1.62182 58.75185 19.68591 12600.0 21.05254 51.01126 0.12599 1.70476 250.68033 1.49948 2.72933e+01 11.01237 12.92954 1.60362 3.55034e+05 1.98943 3.92038e+04 1.29566 13.27865 1.62182 1.16127e+02 1.94904 1.04611e-03 1.66015 4.53303e+05 1.88714 2.10395e+05 1.99596 1.64701e+05 1.25270 6.98874e+04 2.07298 G020.0797-00.1337
"" "average model method 2" 290 366.21704 1.37353 1.47500 2.15691 37.13749 1.52989 60.27860 17.80081 12600.0 15.51476 27.53588 0.11595 1.65587 275.07821 1.41887 2.42078e+01 8.74267 14.39287 1.64072 3.49505e+05 1.65987 3.70119e+04 1.32760 12.37916 1.52989 9.81835e+01 1.86553 1.20395e-03 1.54766 4.41011e+05 1.62011 2.02994e+05 1.25695 1.83270e+05 1.20118 5.79260e+04 2.01292 G020.0809-00.1362
"" "average model method 2" 154 203.66765 1.78010 0.26422 3.92942 30.22303 1.50373 67.92649 15.11478 12600.0 28.54388 21.43302 0.20430 2.57119 99.97477 2.57502 4.06475e+01 12.93310 8.58154 1.55143 1.37699e+05 2.19255 3.79754e+04 1.29485 10.07434 1.50373 2.48452e+02 1.92306 2.13392e-04 2.32197 1.61638e+05 2.17144 4.23931e+04 1.33831 3.29720e+04 1.17950 2.27012e+05 2.47987 G020.3633-00.0136
"" "average model method 2" 130 163.47871 1.49466 0.14000 2.37570 16.22569 1.52046 62.36072 16.79807 3900.0 38.75932 26.77975 0.25146 1.84734 105.55891 1.96516 3.21009e+01 13.53338 5.64411 1.59642 2.86949e+04 2.60521 3.16377e+04 1.26584 5.40856 1.52046 2.16749e+02 1.66038 1.00603e-04 1.70822 3.82184e+04 2.38041 1.66132e+04 1.36225 1.21298e+04 1.09229 2.76580e+05 1.79643 G020.7619-00.0646
"" "average model method 2" 4 480.00000 1.00000 0.10000 1.00000 96.00000 1.00000 84.25170 3.22195 11800.0 1.76130 1.74739 0.50982 1.00000 153.85390 1.00000 6.01308e+01 0.00000 15.15090 1.00000 1.19492e+06 1.00000 4.90531e+04 1.00000 32.00000 1.00000 9.58873e+02 1.00000 1.67330e-04 1.00000 1.22433e+06 1.00000 1.24871e+05 1.04693 1.22086e+05 1.02042 7.26611e+05 1.00000 G020.9636-00.0744
"" "average model method 2" 231 343.68010 1.55522 0.29927 3.38816 55.22956 1.71201 57.99170 19.84710 13200.0 65.15776 42.85724 0.24937 2.22620 157.40402 1.90747 4.40462e+01 13.31120 11.76097 1.48205 4.63158e+05 2.52021 4.39301e+04 1.19891 18.40986 1.71201 3.38710e+02 1.99299 3.44261e-04 2.19108 5.20074e+05 2.43153 1.88526e+05 3.07625 7.57106e+04 1.10706 2.49501e+05 2.34125 G021.3571-00.1766
"" "average model method 2" 5 245.11097 2.51847 0.39799 6.62846 58.40298 1.98989 69.63250 19.79722 10300.0 14.71744 7.45120 0.18262 4.08115 86.06470 2.21584 5.20283e+01 10.05297 12.82418 1.28079 6.03180e+05 2.55535 4.49415e+04 1.14527 19.46766 1.98989 3.51561e+02 3.95980 3.59558e-04 2.85380 6.98638e+05 2.17483 1.14595e+05 1.10076 9.48112e+04 1.03574 2.31352e+05 4.79500 G021.6034-00.1685
"" "average model method 2" 7 383.63751 1.38718 1.38921 1.75316 56.57633 1.58306 38.51074 7.98228 16200.0 8.49720 8.13208 0.12229 1.55609 243.67825 1.32219 3.23282e+01 8.05266 13.33119 1.21518 6.46570e+05 1.74085 4.48509e+04 1.12171 18.85878 1.58306 1.43908e+02 1.71028 1.36034e-03 1.25236 8.08725e+05 1.64652 3.93007e+05 1.15988 3.53266e+05 1.07781 7.57027e+04 1.73933 G021.8751+00.0075
"" "average model method 2" 280 174.54320 1.92757 0.18149 2.89481 16.62045 1.52890 62.98334 16.76878 4800.0 41.47922 30.93209 0.22821 2.29269 110.58824 2.64968 3.10531e+01 14.36177 6.29080 1.69441 3.47781e+04 2.61018 3.14431e+04 1.27754 5.54015 1.52890 1.92850e+02 1.71632 1.27607e-04 1.85350 4.58191e+04 2.35914 1.88828e+04 1.36539 1.39387e+04 1.13486 2.27199e+05 1.98056 G023.2654+00.0765
"" "average model method 2" 321 142.93950 2.06272 0.19835 3.06716 12.65911 1.61157 64.12272 17.30122 4900.0 39.20618 34.52070 0.19754 2.41976 85.21682 3.28576 3.02078e+01 17.05224 7.87611 1.71148 2.04950e+04 2.96404 2.46211e+04 1.47912 4.21970 1.61157 1.58481e+02 1.64264 1.12082e-04 1.96788 2.63864e+04 2.75720 1.04315e+04 1.37208 7.91575e+03 1.12353 1.94788e+05 1.92212 G023.4553-00.2010
"" "average model method 2" 265 120.69938 1.86319 0.27156 3.45587 19.39635 1.68754 51.03913 21.55936 5800.0 76.41692 51.67170 0.15514 2.48054 49.91580 2.98206 4.26027e+01 16.66862 6.89683 1.62553 4.99907e+04 3.14386 3.28813e+04 1.33272 6.46545 1.68754 2.05092e+02 1.93971 1.44121e-04 2.11460 6.39474e+04 2.92139 4.50590e+04 3.99768 1.14176e+04 1.11351 2.04917e+05 2.24729 G023.4835+00.0964
"" "average model method 2" 585 360.22760 1.36401 1.34294 2.08361 37.37818 1.72509 54.00258 22.21165 5200.0 116.45978 101.67504 0.12052 1.61843 254.61345 1.49841 2.61536e+01 11.85474 13.78588 1.68317 3.22922e+05 2.23436 3.70774e+04 1.38502 12.45939 1.72509 1.05454e+02 1.96829 1.09291e-03 1.56093 4.12528e+05 2.15353 2.85503e+05 3.02966 1.32923e+05 1.82401 6.29354e+04 2.00807 G023.7110+00.1705
"" "average model method 2" 74 365.64602 1.37662 1.18634 1.97097 55.94723 1.70513 26.15589 11.60122 7500.0 50.38563 26.40440 0.12919 1.61609 213.66446 1.40274 3.46777e+01 11.35221 13.29289 1.41216 5.91329e+05 2.19765 4.39237e+04 1.16872 18.64908 1.70513 1.57319e+02 1.86241 1.13865e-03 1.48977 7.38956e+05 2.03373 2.09038e+06 2.37673 4.58189e+05 1.23967 8.60142e+04 1.85754 G023.8618-00.1250
"" "average model method 2" 255 395.46548 1.27461 1.55610 1.75203 34.21421 1.53802 58.77997 20.19539 5000.0 9.40397 38.18244 0.11731 1.44799 311.32856 1.32479 2.15477e+01 8.55041 13.92447 1.74180 3.01897e+05 1.81961 3.62766e+04 1.32922 11.40474 1.53802 8.79388e+01 1.68211 1.24693e-03 1.38406 3.93264e+05 1.72824 2.33198e+05 1.84439 2.03175e+05 1.23904 5.21450e+04 1.72167 G024.4698+00.4954
"" "average model method 2" 293 385.00688 1.30442 1.54632 1.76325 35.35475 1.56072 56.74852 21.22695 5510.0 16.86362 49.96906 0.11611 1.46913 297.10919 1.35652 2.25751e+01 8.93088 13.84559 1.70043 3.17151e+05 1.84243 3.68309e+04 1.32226 11.78492 1.56072 9.11336e+01 1.70993 1.24417e-03 1.37667 4.11488e+05 1.75246 2.61592e+05 2.23334 2.00867e+05 1.24129 5.37162e+04 1.74060 G024.4736+00.4950
"" "average model method 2" 37 332.18805 1.44502 1.24280 2.44313 55.38660 1.71258 42.45139 10.72958 5510.0 22.77505 25.78955 0.12031 1.84711 188.61617 1.32672 3.58327e+01 11.06598 14.30431 1.31814 6.29983e+05 1.95402 4.30180e+04 1.20394 18.46220 1.71258 1.57143e+02 2.13078 1.13438e-03 1.67039 7.64736e+05 1.86587 3.42345e+05 1.64738 2.47025e+05 1.10161 8.49833e+04 2.24388 G024.4921-00.0386
"" "average model method 2" 41 320.39063 1.47116 1.28687 2.57604 55.39041 1.69207 39.78505 11.86903 5500.0 23.75939 27.91203 0.11611 1.91633 177.68424 1.38420 3.64356e+01 11.01792 14.09539 1.30870 6.29470e+05 1.92545 4.33268e+04 1.19559 18.46347 1.69207 1.55903e+02 2.16224 1.14598e-03 1.72969 7.70960e+05 1.83105 4.33251e+05 2.18865 2.68312e+05 1.11676 8.36315e+04 2.31092 G024.5065-00.2224
"" "average model method 2" 2335 276.31225 1.62474 0.85455 3.00854 28.41721 1.97599 56.68857 21.60953 5800.0 0.00000 0.00000 0.13232 2.03082 182.50874 1.87731 2.82076e+01 14.64292 13.05095 1.87236 1.53487e+05 4.59237 3.16409e+04 1.63566 9.47240 1.97599 1.16577e+02 2.34053 6.13535e-04 2.12356 2.10102e+05 3.10189 1.29028e+05 3.56681 1.29028e+05 3.56681 8.26184e+04 2.54354 G025.3809-00.1815
"" "average model method 2" 2442 272.55897 1.62856 0.84795 3.04746 27.80861 1.98580 56.81026 21.58070 5770.0 0.00000 0.00000 0.13193 2.03871 180.13541 1.89439 2.81243e+01 14.67111 12.90509 1.87529 1.46082e+05 4.62992 3.14282e+04 1.63918 9.26954 1.98580 1.15485e+02 2.35748 6.01592e-04 2.14836 2.00421e+05 3.17068 1.22821e+05 3.62089 1.22821e+05 3.62089 8.24589e+04 2.57209 G025.3824-00.1812
"" "average model method 2" 233 167.59491 1.70671 0.33545 3.71356 31.44514 1.73743 46.13686 21.56788 2700.0 61.22549 41.26444 0.16448 2.43477 65.01691 2.15384 4.72827e+01 14.60258 9.21622 1.63914 1.52682e+05 2.83754 3.76029e+04 1.39746 10.48171 1.73743 2.52360e+02 2.22006 2.20183e-04 2.31547 1.78999e+05 2.71829 1.54867e+05 3.84458 3.42581e+04 1.15550 2.07963e+05 2.59008 G025.3948+00.0332
"" "average model method 2" 310 310.21704 1.47450 1.03344 2.69270 45.99686 1.63038 58.60612 16.42383 14000.0 37.35229 32.12691 0.12749 1.94087 190.15015 1.48841 3.33831e+01 10.02127 12.64921 1.42611 4.32263e+05 2.00593 4.16349e+04 1.23600 15.33229 1.63038 1.49163e+02 2.01150 9.09803e-04 1.86341 5.31886e+05 1.94336 1.60760e+05 1.36319 1.24276e+05 1.22858 8.96094e+04 2.23644 G025.3983+00.5617
"" "average model method 2" 3621 231.17598 1.78615 0.76898 3.29349 22.75928 2.13809 56.91529 21.56419 5600.0 0.00000 0.00000 0.12759 2.17063 149.44785 2.17397 2.82839e+01 15.79272 12.68918 2.03017 8.40950e+04 7.46838 2.76075e+04 1.82747 7.58643 2.13809 1.09209e+02 2.49323 4.80269e-04 2.31808 1.28590e+05 3.89911 7.98567e+04 4.21385 7.98567e+04 4.21385 8.36814e+04 2.72933 G025.3991-00.1366
"" "average model method 2" 155 276.01847 1.76653 0.16691 2.67195 22.14711 1.43648 61.01544 17.16048 5600.0 70.20088 39.27894 0.29924 2.14934 203.67178 2.05347 2.76743e+01 9.96259 7.21177 1.63350 6.71894e+04 2.11335 3.46223e+04 1.27237 7.38237 1.43648 2.17348e+02 1.77514 1.63420e-04 1.70420 8.35837e+04 1.93393 4.12667e+04 1.44210 2.60518e+04 1.13210 2.46263e+05 2.02170 G025.8011-00.1568
"" "average model method 2" 92 360.50624 1.55474 0.25239 3.71885 58.74530 1.59664 65.44400 16.18866 5600.0 9.97026 13.23207 0.27811 2.34443 167.79444 1.83697 4.47902e+01 11.75782 12.21395 1.40463 5.34527e+05 2.07544 4.46803e+04 1.18836 19.58177 1.59664 3.82931e+02 2.14747 3.16134e-04 2.30756 5.90790e+05 2.02007 1.39035e+05 1.24624 1.23683e+05 1.09600 2.89296e+05 2.61461 G026.0916-00.0565
"" "average model method 2" 121 310.48547 1.63201 0.42860 3.86509 47.58767 1.65031 62.59076 17.26709 13800.0 39.62601 26.96254 0.19806 2.45869 164.00881 1.89152 3.92556e+01 11.89172 11.43525 1.47849 3.82906e+05 2.23599 4.24817e+04 1.23118 15.86256 1.65031 2.45768e+02 2.16828 4.39937e-04 2.36389 4.45247e+05 2.18213 1.17912e+05 1.32585 8.42857e+04 1.09794 1.78283e+05 2.65561 G026.1094-00.0937
"" "average model method 2" 178 308.00368 1.52620 0.56204 3.38410 44.29188 1.54372 58.46703 17.10692 13100.0 49.43473 35.28411 0.17226 2.23748 187.42486 1.59610 3.53760e+01 8.43781 11.01375 1.41993 3.48258e+05 1.97447 4.22727e+04 1.25222 14.76396 1.54372 1.97927e+02 2.09789 5.55233e-04 2.16275 4.21812e+05 1.92240 1.31072e+05 1.34482 9.09166e+04 1.12162 1.39192e+05 2.52884 G026.5976-00.0236
"" "average model method 2" 113 318.45619 1.64906 0.32593 3.77093 46.52932 1.63575 64.39129 16.38190 13300.0 24.80273 19.70866 0.23002 2.44183 170.77307 1.93627 3.93304e+01 11.46070 10.99532 1.45752 3.54667e+05 2.23548 4.25014e+04 1.21110 15.50977 1.63575 2.76246e+02 2.08509 3.57182e-04 2.29593 4.05474e+05 2.17864 1.10845e+05 1.24053 8.86092e+04 1.08405 2.15060e+05 2.56419 G026.6089-00.2121
"" "average model method 2" 85 175.91960 1.62764 0.24775 3.69257 30.86915 1.52827 65.67429 15.46677 13400.0 17.87611 15.78561 0.19609 2.38737 75.46347 2.18361 4.58596e+01 12.08190 8.47642 1.48781 1.40992e+05 2.28983 3.84365e+04 1.27337 10.28972 1.52827 2.79738e+02 1.94463 1.83971e-04 2.29774 1.62745e+05 2.25556 3.68407e+04 1.24841 3.02059e+04 1.07008 2.53369e+05 2.42959 G026.8304-00.2067
"" "average model method 2" 245 293.14716 1.58356 0.76094 3.10459 34.33128 1.59156 59.78266 18.08560 7600.0 65.31652 46.68724 0.14443 2.18502 198.70565 1.75008 2.92331e+01 9.50943 10.71364 1.65072 2.26878e+05 2.23601 3.85062e+04 1.33452 11.44376 1.59156 1.38764e+02 1.94999 6.39853e-04 2.04990 2.90245e+05 2.17649 1.09496e+05 1.41300 7.41878e+04 1.11396 9.76122e+04 2.28430 G027.1859-00.0816
"" "average model method 2" 24 410.37493 1.26243 1.21138 1.54963 56.36996 1.54702 22.97157 9.46105 11900.0 26.09677 17.29763 0.13544 1.38910 266.48681 1.24792 3.19485e+01 8.47194 13.09016 1.34603 5.95251e+05 1.80009 4.43358e+04 1.19621 18.78999 1.54702 1.49372e+02 1.62607 1.24378e-03 1.20839 7.48842e+05 1.71438 2.96654e+06 1.68392 9.93594e+05 1.32590 8.19088e+04 1.60081 G027.2800+00.1447
"" "average model method 2" 118 346.27224 1.56598 0.35885 3.77091 58.19680 1.57745 63.52511 16.68007 12800.0 19.19643 16.28461 0.22859 2.36997 168.62721 1.74741 4.31897e+01 10.72564 12.12974 1.36462 5.40768e+05 2.03165 4.49654e+04 1.17258 19.39893 1.57745 3.15754e+02 2.18279 4.18784e-04 2.37768 6.15539e+05 1.97255 1.44141e+05 1.27951 1.19439e+05 1.15453 2.22220e+05 2.67083 G027.5637+00.0845
"" "average model method 2" 155 268.46772 1.73753 0.20550 3.54665 30.72278 1.46680 64.47554 16.28153 8000.0 31.81679 21.86423 0.26597 2.44294 163.44772 2.23340 3.49140e+01 11.48584 8.44981 1.49293 1.42721e+05 2.08123 3.86144e+04 1.24736 10.24093 1.46680 2.59092e+02 1.92498 2.07174e-04 2.15275 1.66962e+05 2.04120 5.98125e+04 1.28387 4.57578e+04 1.11477 2.54183e+05 2.38762 G027.9352+00.2056
"" "average model method 2" 156 364.03566 1.39230 1.33292 2.37189 41.60256 1.58706 53.64366 17.24456 12100.0 28.89164 31.43699 0.12161 1.75961 260.86605 1.38325 2.68055e+01 8.97954 14.64097 1.52967 4.18861e+05 1.67956 3.83959e+04 1.31343 13.86752 1.58706 1.13832e+02 1.98221 1.15857e-03 1.63711 5.13064e+05 1.66643 2.21751e+05 1.29019 1.82728e+05 1.20423 6.66567e+04 2.17201 G028.2003-00.0494
"" "average model method 2" 60 394.59393 1.18200 3.16000 1.00000 24.00000 1.00000 57.34504 21.41925 5800.0 244.69407 37.80151 0.08223 1.08720 353.31030 1.21169 1.31896e+01 1.54160 31.67314 1.09005 2.68139e+05 1.01409 2.33505e+04 1.04751 8.00000 1.00000 4.67189e+01 1.06717 1.86095e-03 1.04034 3.01113e+05 1.02035 2.63598e+05 1.48674 1.08398e+05 1.01988 2.53635e+04 1.05398 G028.2879-00.3641
"" "average model method 2" 181 193.17131 1.64288 0.25629 3.64223 31.52336 1.58773 58.89361 19.41988 11600.0 39.91218 32.44068 0.20203 2.37545 86.76593 2.22521 4.41011e+01 13.57939 8.71048 1.53988 1.47883e+05 2.44998 3.83716e+04 1.29579 10.50779 1.58773 2.71268e+02 1.98195 1.99055e-04 2.27276 1.71764e+05 2.37744 5.81406e+04 2.31478 3.20495e+04 1.11606 2.42954e+05 2.42935 G028.5816+00.1447
"" "average model method 2" 9 338.73049 1.46042 1.46721 2.25673 48.27876 1.55025 34.30433 7.27473 16500.0 2.09659 3.90963 0.11181 1.78972 223.66623 1.42959 3.03727e+01 7.39125 13.03259 1.30366 5.11903e+05 1.61494 4.27891e+04 1.21125 16.09292 1.55025 1.24606e+02 1.86935 1.28789e-03 1.54499 6.49773e+05 1.58591 4.54630e+05 1.17643 4.37750e+05 1.11192 6.85903e+04 2.02569 G028.6082+00.0185
"" "average model method 2" 49 339.42920 1.42708 1.29434 2.42912 49.52150 1.66129 44.87461 11.64683 16500.0 22.29473 22.19931 0.11917 1.83086 213.13458 1.37644 3.20342e+01 9.99710 13.89983 1.38074 5.34530e+05 1.88456 4.18832e+04 1.22116 16.50717 1.66129 1.37790e+02 2.01391 1.16057e-03 1.66210 6.57852e+05 1.81485 2.54950e+05 1.27054 2.09683e+05 1.11789 7.67654e+04 2.17107 G028.6523+00.0273
"" "average model method 2" 99 194.48847 1.68864 0.27179 4.06148 30.31365 1.53348 66.96825 15.84861 9800.0 21.68273 17.54827 0.19685 2.53928 89.77327 2.51956 4.20987e+01 13.28552 8.34181 1.51089 1.35496e+05 2.37037 3.83622e+04 1.26600 10.10455 1.53348 2.50508e+02 1.87857 2.10759e-04 2.45626 1.59874e+05 2.35481 3.91996e+04 1.25572 3.18243e+04 1.10788 2.26028e+05 2.47442 G029.7704+00.2189
"" "average model method 2" 282 157.26335 2.05404 0.26631 3.49269 16.44270 1.47060 65.95753 15.86791 7400.0 49.42314 32.56144 0.17882 2.60107 96.88195 2.93470 3.05017e+01 13.12612 6.62279 1.72676 3.81392e+04 2.44321 3.13599e+04 1.30174 5.48090 1.47060 1.59824e+02 1.68846 1.67124e-04 2.12512 5.10799e+04 2.30190 1.96888e+04 1.33334 1.42273e+04 1.11452 1.73646e+05 2.13464 G030.0096-00.2734
"" "average model method 2" 84 305.52740 1.64785 0.16377 3.02093 37.29868 1.55915 60.09856 17.69910 7400.0 24.27555 21.28061 0.31784 2.20784 178.82178 1.92189 3.79654e+01 11.54401 8.96934 1.39410 2.07302e+05 2.28638 4.11454e+04 1.16655 12.43290 1.55915 3.32418e+02 1.97823 1.91975e-04 1.91683 2.35404e+05 2.19093 8.65943e+04 1.38777 6.60635e+04 1.06807 3.24196e+05 2.25346 G030.2527+00.0540
"" "average model method 2" 4 403.63028 1.41421 1.33328 1.77764 55.42563 1.58983 34.96685 7.59644 10200.0 3.74704 6.49006 0.12804 1.58555 265.46299 1.39298 3.09213e+01 7.68592 12.83411 1.25537 6.08734e+05 1.79691 4.50273e+04 1.12247 18.47521 1.58983 1.41207e+02 1.70475 1.33814e-03 1.26030 7.72134e+05 1.68560 4.92117e+05 1.20637 4.63246e+05 1.06926 7.59033e+04 1.73304 G030.5313+00.0205
"" "average model method 2" 6 435.20695 1.18219 1.21138 1.59954 56.52441 1.68583 37.29280 10.05900 11400.0 13.09616 14.02214 0.13948 1.36659 285.21720 1.18736 3.12833e+01 9.81456 14.27694 1.50271 6.07586e+05 1.97663 4.26713e+04 1.30531 18.84147 1.68583 1.47653e+02 1.79939 1.26513e-03 1.21236 7.52281e+05 1.91302 3.65381e+05 1.18379 3.19023e+05 1.06173 8.07376e+04 1.74982 G030.5353+00.0204
"" "average model method 2" 465 265.58650 1.69401 0.37409 3.36695 41.12924 1.83619 57.36699 20.32548 4900.0 114.46984 69.62486 0.19607 2.30633 130.04427 1.95844 4.11581e+01 13.91606 10.17875 1.56293 2.62870e+05 3.03304 4.09864e+04 1.26358 13.70975 1.83619 2.51294e+02 2.10367 3.42031e-04 2.17241 3.12121e+05 2.85998 1.34467e+05 3.96927 3.76387e+04 1.12085 1.92314e+05 2.37971 G030.7197-00.0829
"" "average model method 2" 192 185.92285 1.92174 0.24873 3.84694 20.93727 1.66663 62.09619 17.53988 4900.0 29.30952 25.94957 0.20119 2.63525 100.67321 2.98369 3.46029e+01 16.12008 7.02585 1.64325 6.03293e+04 3.14326 3.41455e+04 1.28583 6.97909 1.66663 1.95892e+02 1.78466 1.75354e-04 2.34115 7.73184e+04 2.92930 2.54083e+04 1.31909 1.99054e+04 1.10476 1.99947e+05 2.25353 G030.7579+00.2042
"" "average model method 2" 284 311.68927 1.47966 0.95199 2.74367 44.53006 1.61768 62.59168 17.70076 7220.0 59.88760 41.22599 0.13315 1.98877 192.63551 1.54722 3.30176e+01 9.99497 11.83524 1.45753 3.85716e+05 2.10765 4.18341e+04 1.24566 14.84335 1.61768 1.51405e+02 1.96426 8.45586e-04 1.87764 4.82948e+05 2.03756 1.40881e+05 1.38335 9.77094e+04 1.12807 9.35523e+04 2.18793 G030.8662+00.1143
"" "average model method 2" 10 315.53951 1.40213 1.77764 1.83383 45.01960 1.70095 37.64728 7.56229 11900.0 17.12266 17.86778 0.09804 1.59778 209.33414 1.22718 2.95897e+01 8.87065 14.87456 1.30687 5.12937e+05 1.80999 4.00724e+04 1.24724 15.00653 1.70095 1.11198e+02 1.88475 1.42181e-03 1.26124 6.31350e+05 1.78304 3.24848e+05 1.24769 2.71976e+05 1.05130 5.86777e+04 1.88487 G030.9581+00.0869
"" "average model method 2" 80 200.75927 1.87861 0.29419 4.24650 25.76415 1.52662 63.27810 17.03374 11800.0 19.71564 16.67881 0.19223 2.74932 105.36015 2.90818 3.65953e+01 14.10035 7.97607 1.62701 9.78344e+04 2.45599 3.61643e+04 1.29658 8.58805 1.52662 2.05432e+02 1.80625 2.22811e-04 2.46336 1.20122e+05 2.40725 3.61080e+04 1.19585 3.04291e+04 1.09827 1.92191e+05 2.44102 G031.0495+00.4697
"" "average model method 2" 45 385.29944 1.33988 1.19588 1.82003 72.52053 1.51589 25.58243 10.86070 12200.0 12.94646 11.39750 0.13209 1.53984 193.91337 1.42805 4.03359e+01 9.74057 14.20490 1.30581 8.78715e+05 1.84943 4.69132e+04 1.06244 24.17351 1.51589 1.93887e+02 1.67490 1.24713e-03 1.41039 1.07302e+06 1.71289 3.81756e+06 1.43773 1.44080e+06 1.37238 9.74926e+04 1.68974 G031.0595+00.0922
"" "average model method 2" 180 328.87168 1.57652 0.32641 3.50883 51.06568 1.70063 65.76548 16.06950 13400.0 38.83187 23.43486 0.23358 2.27954 158.93444 1.93712 4.20567e+01 12.93334 11.29266 1.48463 4.05044e+05 2.49344 4.33540e+04 1.18821 17.02190 1.70063 3.02601e+02 1.97567 3.60442e-04 2.25349 4.60826e+05 2.41301 1.06025e+05 1.27117 7.56448e+04 1.10013 2.25621e+05 2.36764 G031.1590+00.0465
"" "average model method 2" 70 53.72209 1.46383 0.26820 3.73887 12.11905 1.43223 73.14617 10.80661 2700.0 42.98928 40.24273 0.10415 2.27636 15.88176 3.59632 4.67831e+01 10.95409 6.21617 1.71697 1.95200e+04 2.46061 2.73785e+04 1.29744 4.03968 1.43223 1.79073e+02 1.60399 9.05377e-05 2.43854 2.45699e+04 2.40945 5.03798e+03 1.62055 3.40725e+03 1.08311 2.02389e+05 2.24686 G031.1596+00.0448
"" "average model method 2" 266 230.19626 1.66495 0.15149 2.20689 18.29245 1.60726 62.71836 18.09897 2700.0 85.69906 37.28185 0.28686 1.85189 159.72575 2.06798 2.90123e+01 14.41094 6.27761 1.63229 4.15000e+04 2.73464 3.28978e+04 1.30722 6.09748 1.60726 2.11417e+02 1.68098 1.27505e-04 1.58462 5.38797e+04 2.46595 2.45923e+04 1.39212 1.43673e+04 1.11955 2.53467e+05 1.74889 G031.2420-00.1106
"" "average model method 2" 16 404.03353 1.19589 2.20564 1.73463 30.89587 1.48493 37.51176 10.08354 12700.0 14.25826 15.99556 0.09960 1.40759 337.32239 1.17291 1.81349e+01 6.93947 22.03160 1.68592 3.23503e+05 1.37161 2.93426e+04 1.39090 10.29862 1.48493 6.76000e+01 1.72309 1.58092e-03 1.26290 3.84047e+05 1.46732 2.63213e+05 1.08625 2.43521e+05 1.06731 3.77476e+04 1.79835 G031.2435-00.1103
"" "average model method 2" 24 421.46377 1.17773 2.05260 1.76650 33.04657 1.53910 37.16127 8.83438 13000.0 13.18250 21.91633 0.10545 1.40764 346.47342 1.16361 1.91433e+01 7.89990 21.10920 1.70977 3.45065e+05 1.44418 3.04643e+04 1.41822 11.01552 1.53910 7.28174e+01 1.80376 1.55271e-03 1.26913 4.11769e+05 1.54182 2.79208e+05 1.15484 2.55256e+05 1.05546 4.07769e+04 1.86902 G031.2448-00.1132
"" "average model method 2" 193 418.67265 1.22599 1.55450 1.75222 35.76474 1.56860 56.76016 19.94003 7100.0 12.78269 37.19824 0.12076 1.42011 329.05970 1.28499 2.17764e+01 9.14941 14.80939 1.76959 3.26377e+05 1.80298 3.58685e+04 1.36221 11.92158 1.56860 8.99440e+01 1.74709 1.28815e-03 1.36131 4.19065e+05 1.73545 2.46267e+05 1.72453 2.14897e+05 1.20927 5.26308e+04 1.78075 G031.3959-00.2570
"" "average model method 2" 372 353.26536 1.39824 1.24903 2.45625 42.53310 1.64961 61.11209 17.64775 9100.0 25.44456 30.67603 0.12376 1.77337 239.16670 1.46047 2.88136e+01 11.37468 14.58924 1.57162 4.18526e+05 1.87098 3.84562e+04 1.32359 14.17770 1.64961 1.22161e+02 2.09919 1.07970e-03 1.71962 5.11540e+05 1.82921 1.87883e+05 1.31502 1.58619e+05 1.28649 7.16926e+04 2.26418 G031.4130+00.3065
"" "average model method 2" 909 218.84155 1.76657 0.37364 3.63793 27.44080 1.84699 63.30993 17.15240 5600.0 47.87308 48.87138 0.17809 2.43193 121.87153 2.29046 3.51478e+01 14.89347 8.62293 1.69543 1.18634e+05 3.37950 3.64987e+04 1.32070 9.14693 1.84699 1.87140e+02 1.99990 2.84691e-04 2.38727 1.49221e+05 3.15922 4.53981e+04 1.74325 3.15384e+04 1.30974 1.62185e+05 2.36693 G031.5815+00.0744
"" "average model method 2" 384 268.18693 1.67108 0.31519 3.78938 39.42675 1.75140 63.45239 16.26253 4900.0 39.19248 33.22910 0.21465 2.40514 136.00209 2.03136 4.02344e+01 13.24602 9.86023 1.56779 2.39636e+05 2.85464 4.06908e+04 1.24851 13.14225 1.75140 2.62282e+02 2.02528 3.00223e-04 2.45726 2.80594e+05 2.76578 7.33258e+04 1.51956 5.17574e+04 1.18188 2.12752e+05 2.47484 G032.1502+00.1329
"" "average model method 2" 90 279.93040 1.44592 0.14124 2.63178 30.45813 1.40829 66.84709 14.65814 7200.0 22.21366 17.54474 0.32760 1.90751 172.12449 1.96645 3.57681e+01 11.34168 7.82917 1.40629 1.27388e+05 2.02570 3.89921e+04 1.20651 10.15271 1.40829 3.08611e+02 1.60602 1.55640e-04 1.83744 1.46247e+05 1.98426 5.32839e+04 1.25448 4.36772e+04 1.11164 3.31808e+05 1.90007 G032.2730-00.2258
"" "average model method 2" 143 347.15798 1.54127 0.38971 3.72420 59.72710 1.61393 63.05987 16.44100 12800.0 15.48023 16.74803 0.21963 2.32746 164.44515 1.71158 4.36845e+01 11.43656 12.57967 1.37400 5.74912e+05 2.07575 4.48350e+04 1.17476 19.90903 1.61393 3.10976e+02 2.21476 4.46643e-04 2.38359 6.52336e+05 2.01335 1.47473e+05 1.29918 1.26004e+05 1.16134 2.12061e+05 2.67572 G032.4727+00.2036
"" "average model method 2" 10 85.19029 2.02916 0.50104 5.65750 21.87146 1.36917 61.43347 10.81352 11100.0 7.83765 13.56994 0.09595 3.37074 27.04400 3.04378 4.89639e+01 6.28453 9.98623 1.86709 8.82260e+04 1.44533 3.14956e+04 1.42864 7.29049 1.36917 1.82933e+02 2.49324 2.15616e-04 2.84771 1.03000e+05 1.48600 2.35429e+04 1.27506 2.09517e+04 1.06474 1.52401e+05 3.47280 G032.7398+00.1940
"" "average model method 2" 231 241.18495 1.73040 0.23561 3.60890 30.89696 1.56005 60.81484 17.67137 12900.0 45.75956 31.26393 0.23544 2.44796 135.32432 2.24074 3.74684e+01 12.71861 8.59387 1.54891 1.43630e+05 2.37726 3.83503e+04 1.27635 10.29899 1.56005 2.53151e+02 1.99448 2.16097e-04 2.20258 1.69470e+05 2.29950 5.74206e+04 1.54071 3.77870e+04 1.15218 2.37983e+05 2.43972 G032.7492-00.0643
"" "average model method 2" 89 326.93346 1.55108 0.51674 3.65961 52.46950 1.52853 59.34123 16.99205 13300.0 23.54193 20.17581 0.18510 2.34523 184.57594 1.56823 3.86760e+01 7.96030 11.93930 1.32836 4.79302e+05 1.81724 4.39759e+04 1.21265 17.48983 1.52853 2.35493e+02 2.19185 5.55884e-04 2.27179 5.62222e+05 1.78047 1.60396e+05 1.24915 1.29448e+05 1.11647 1.60344e+05 2.68838 G032.9273+00.6060
"" "average model method 2" 354 380.18067 1.35238 1.29668 2.20163 40.43779 1.64784 59.55928 18.60691 18600.0 9.96834 36.45471 0.12600 1.65859 270.07902 1.43992 2.64645e+01 11.40862 14.07719 1.62320 3.83134e+05 1.92955 3.82941e+04 1.31540 13.47926 1.64784 1.12353e+02 2.01503 1.12196e-03 1.58459 4.81497e+05 1.83099 2.14893e+05 1.56423 1.92619e+05 1.18695 6.63520e+04 2.11532 G033.1328-00.0923
"" "average model method 2" 4 385.64564 1.38772 1.33328 1.77764 55.42563 1.58983 36.16271 7.78897 9400.0 2.78208 3.54195 0.12515 1.56487 247.78722 1.35406 3.20019e+01 8.02095 12.81948 1.25616 6.06728e+05 1.79591 4.50158e+04 1.12225 18.47521 1.58983 1.43480e+02 1.71909 1.30903e-03 1.28144 7.66586e+05 1.68329 4.40122e+05 1.03729 4.21220e+05 1.05051 7.69663e+04 1.74808 G033.4163-00.0036
"" "average model method 2" 85 309.47596 1.46185 1.15990 2.98033 40.50694 1.41643 53.86975 16.34586 9400.0 47.21849 33.14342 0.12020 2.08173 214.50252 1.45380 2.86203e+01 6.18826 12.35760 1.34691 3.82635e+05 1.39498 4.08583e+04 1.20967 13.50232 1.41643 1.23837e+02 2.00430 9.82007e-04 1.89090 4.77914e+05 1.39550 1.99598e+05 1.32915 1.43790e+05 1.06776 7.61511e+04 2.38212 G033.8100-00.1864
"" "average model method 2" 333 302.20713 1.64082 0.34348 3.98122 43.10963 1.71186 61.03913 16.95320 11400.0 31.54574 28.77342 0.21827 2.47362 160.50622 1.96426 3.88487e+01 12.82602 10.53822 1.52778 2.99023e+05 2.62177 4.16001e+04 1.23436 14.36988 1.71186 2.58537e+02 2.12835 3.52307e-04 2.50542 3.49191e+05 2.55070 9.88548e+04 1.46241 7.39698e+04 1.18973 2.01774e+05 2.63019 G034.1978-00.5912
"" "average model method 2" 908 334.77493 1.40605 1.21517 2.29811 34.11096 1.75533 57.10975 21.33046 3580.0 21.66544 55.38359 0.12214 1.71874 238.36583 1.53334 2.59750e+01 11.75139 13.56018 1.73760 2.65874e+05 2.36407 3.56113e+04 1.42904 11.37032 1.75533 1.05150e+02 2.01020 9.52125e-04 1.70499 3.38256e+05 2.31172 2.00939e+05 2.81616 1.38279e+05 1.46547 6.59202e+04 2.10015 G034.2571+00.1466
"" "average model method 2" 1667 304.92470 1.52056 0.96370 2.79631 32.01827 1.93426 56.37220 21.61920 3580.0 25.67336 56.73630 0.13090 1.93932 201.33697 1.75169 2.82634e+01 14.61283 13.73384 1.83250 2.18592e+05 2.94707 3.36949e+04 1.52769 10.67276 1.93426 1.17224e+02 2.31410 7.30373e-04 1.97465 2.72493e+05 2.86725 1.67293e+05 3.39569 1.01948e+05 1.65873 7.82459e+04 2.45493 G034.2572+00.1535
"" "average model method 2" 134 406.85858 1.26798 1.90404 1.77414 28.10815 1.29797 56.83872 20.37193 2100.0 77.60782 57.59865 0.10757 1.45077 348.90010 1.30111 1.67690e+01 4.67974 16.96801 1.89052 2.49622e+05 1.38398 3.13370e+04 1.34841 9.36938 1.29797 6.72584e+01 1.50318 1.36558e-03 1.40174 3.17698e+05 1.33174 2.38244e+05 1.61030 1.62879e+05 1.12936 3.99595e+04 1.63480 G034.2573+00.1523
"" "average model method 2" 131 411.80638 1.25363 1.88208 1.77650 28.14816 1.30059 56.78003 20.48548 2100.0 85.57955 57.33218 0.10885 1.44467 353.88095 1.28218 1.66966e+01 4.69332 16.90765 1.90184 2.48561e+05 1.38573 3.13594e+04 1.35170 9.38272 1.30059 6.74919e+01 1.50841 1.35886e-03 1.40472 3.16800e+05 1.33242 2.39199e+05 1.61611 1.58571e+05 1.12508 4.02003e+04 1.64110 G034.2581+00.1533
"" "average model method 2" 412 80.24704 1.95048 0.20048 2.68455 10.38224 1.49204 67.13547 16.20072 2100.0 59.92141 36.44211 0.14722 2.14053 41.27340 3.32660 3.51341e+01 15.45298 7.62238 1.71625 1.33434e+04 2.74658 2.24814e+04 1.45020 3.46075 1.49204 1.58233e+02 1.57155 8.50226e-05 1.80267 1.73396e+04 2.20111 5.79930e+03 1.57074 3.92129e+03 1.36837 2.04590e+05 1.83863 G034.4032+00.2277
"" "average model method 2" 9 41.81255 1.70998 0.24475 3.06047 11.17502 1.93681 79.24540 14.48213 2100.0 23.89124 10.35020 0.09618 2.22842 10.07552 1.47634 6.04207e+01 9.65340 4.55610 1.11619 7.00339e+03 14.00383 2.47504e+04 1.85128 3.72501 1.93680 2.10931e+02 2.51555 5.66013e-05 1.78072 1.63990e+04 2.24461 1.35103e+03 1.08564 1.10349e+03 1.02088 2.30445e+05 2.70994 G034.5920+00.2434
"" "average model method 2" 135 342.28531 1.45956 1.03433 2.48637 65.65714 1.64123 27.90759 12.30227 10400.0 21.92453 17.53878 0.13386 1.84250 157.90514 1.66840 4.19036e+01 12.17835 13.81656 1.39849 7.34285e+05 2.07075 4.54797e+04 1.12892 21.88571 1.64123 2.02269e+02 1.99453 9.93504e-04 1.79045 8.91179e+05 1.93098 2.58487e+06 1.83176 7.74315e+05 1.33245 1.07061e+05 2.11484 G035.0524-00.5177
"" "average model method 2" 35 110.02936 2.10695 0.34894 5.26114 15.08877 1.34584 62.83515 15.07609 10600.0 9.25407 10.70062 0.13067 3.29351 49.40958 4.65468 3.42926e+01 14.05707 6.94945 2.04143 3.14821e+04 2.44456 2.91805e+04 1.42484 5.02959 1.34584 1.43158e+02 1.72008 1.71023e-04 2.68320 4.24755e+04 2.40682 1.47425e+04 1.10847 1.33682e+04 1.06715 1.49530e+05 2.64483 G035.4570-00.1791
"" "average model method 2" 57 394.59393 1.18209 3.16000 1.00000 24.00000 1.00000 59.68748 19.31812 8800.0 44.06385 24.45267 0.08223 1.08724 353.31030 1.21180 1.31896e+01 1.54160 31.67314 1.09009 2.68139e+05 1.01410 2.33505e+04 1.04753 8.00000 1.00000 4.67189e+01 1.06720 1.86095e-03 1.04036 3.01113e+05 1.02036 2.41595e+05 1.09695 1.99639e+05 1.10590 2.53635e+04 1.05400 G035.5781-00.0305
"" "average model method 2" 303 293.80124 1.53549 0.78370 3.10480 41.47081 1.61219 60.68227 17.38458 10400.0 57.13924 42.34008 0.14248 2.13516 181.65567 1.62683 3.33746e+01 9.61226 11.24717 1.49859 3.23755e+05 2.17801 4.10756e+04 1.26908 13.82360 1.61219 1.59802e+02 2.00002 6.92301e-04 2.08293 4.03501e+05 2.11891 1.22487e+05 1.39928 8.44833e+04 1.15350 1.05837e+05 2.33394 G036.4057+00.0226
"" "average model method 2" 179 290.96288 1.47428 0.10733 1.60818 14.19872 1.47672 62.12410 18.68844 3800.0 87.13478 38.65329 0.38314 1.46183 239.16838 1.71050 2.13434e+01 11.60605 5.82688 1.59988 2.23014e+04 2.24968 2.92359e+04 1.35696 4.73291 1.47672 1.93060e+02 1.56896 9.88176e-05 1.31658 3.00561e+04 2.10607 1.91035e+04 1.43859 1.15082e+04 1.16331 2.68239e+05 1.55543 G036.4062+00.0221
"" "average model method 2" 105 287.86226 1.75934 0.34892 4.17354 43.00565 1.71604 65.89554 16.43384 3800.0 23.12904 16.92509 0.21136 2.62874 146.08113 2.14387 3.97180e+01 12.84357 10.43425 1.49588 2.99979e+05 2.56531 4.18402e+04 1.20062 14.33522 1.71604 2.61069e+02 2.10787 3.47575e-04 2.50908 3.49634e+05 2.50766 9.11195e+04 1.22740 7.36646e+04 1.09304 2.02280e+05 2.64076 G037.5457-00.1120
"" "average model method 2" 494 235.43641 1.76960 0.41327 3.65210 32.70586 1.80896 63.25589 17.36494 10000.0 75.07791 47.52111 0.17564 2.44885 129.54602 2.07680 3.66302e+01 13.16744 9.47956 1.67307 1.72497e+05 3.05730 3.82255e+04 1.31557 10.90195 1.80896 1.99622e+02 2.05542 3.39400e-04 2.33518 2.12084e+05 2.89913 5.87177e+04 1.56419 3.52062e+04 1.18772 1.61686e+05 2.43614 G037.7347-00.1128
"" "average model method 2" 8 177.44812 2.01541 0.99946 5.09308 39.77312 1.58559 55.89881 14.48684 10300.0 3.78718 4.92845 0.09805 3.15465 80.25513 2.19612 4.14068e+01 7.77277 10.78514 1.23223 3.35578e+05 1.78895 4.23240e+04 1.14049 13.25771 1.58559 1.60540e+02 2.60726 6.56852e-04 2.60879 4.21915e+05 1.69254 1.20090e+05 1.13860 1.13055e+05 1.06856 1.00050e+05 3.37560 G037.7562+00.5605
"" "average model method 2" 671 283.89185 1.62295 0.51899 3.56373 38.98230 1.68981 62.89017 16.82915 12200.0 45.77657 39.11826 0.17211 2.31596 163.54117 1.90038 3.54668e+01 12.28698 10.36228 1.55992 2.60216e+05 2.55849 4.05189e+04 1.26605 12.99410 1.68981 1.93057e+02 2.06555 4.70268e-04 2.35226 3.18758e+05 2.46704 9.22003e+04 1.49692 6.57642e+04 1.30325 1.41768e+05 2.47959 G037.8197+00.4140
"" "average model method 2" 620 282.44629 1.62539 0.52575 3.61944 39.87684 1.68927 62.56450 16.82219 12200.0 46.92252 37.95694 0.17056 2.33472 160.35157 1.89562 3.60293e+01 12.11889 10.52332 1.55480 2.72887e+05 2.53801 4.06884e+04 1.26850 13.29228 1.68927 1.95830e+02 2.06796 4.77122e-04 2.38135 3.32325e+05 2.46288 9.31044e+04 1.49605 6.59978e+04 1.31075 1.42385e+05 2.49890 G037.8209+00.4125
"" "average model method 2" 283 321.68951 1.57474 0.49249 3.61216 50.78377 1.66593 61.94859 17.02227 12200.0 23.10299 23.73195 0.18807 2.29820 169.99579 1.75005 3.94261e+01 11.25852 11.70857 1.45072 4.33011e+05 2.31186 4.32937e+04 1.20654 16.92792 1.66593 2.40342e+02 2.10614 5.11374e-04 2.37865 5.08355e+05 2.25228 1.29599e+05 1.38287 1.05840e+05 1.23231 1.64961e+05 2.54397 G037.8683-00.6008
"" "average model method 2" 40 107.84469 1.34070 0.18832 3.01720 18.68242 1.59719 69.81462 15.21447 9400.0 13.29539 11.22626 0.17609 1.91179 42.07418 2.53778 4.63475e+01 13.56064 6.33250 1.69644 3.91587e+04 2.91841 3.22828e+04 1.39063 6.22747 1.59719 2.50161e+02 1.60116 1.00417e-04 2.06224 4.82984e+04 2.76237 9.95398e+03 1.14347 8.70493e+03 1.07555 2.73989e+05 1.98510 G037.9723-00.0965
"" "average model method 2" 71 302.30143 1.66407 0.16263 3.04018 33.00045 1.48571 59.65241 16.20951 9740.0 18.51147 18.35824 0.31726 2.22723 188.21120 2.04260 3.52235e+01 11.66930 8.33655 1.38038 1.59873e+05 2.18376 3.99947e+04 1.16840 11.00015 1.48571 3.00467e+02 1.88512 1.84916e-04 1.94294 1.84534e+05 2.10369 6.95163e+04 1.24760 5.81571e+04 1.07365 3.05087e+05 2.19764 G038.5493+00.1646
"" "average model method 2" 136 65.88390 1.54898 0.20882 2.84453 11.53249 1.51623 71.68464 13.05942 4700.0 44.36761 27.24498 0.13071 2.02183 28.95070 2.59441 4.14900e+01 12.94702 6.24635 1.59983 1.56945e+04 2.95224 2.58628e+04 1.39191 3.84416 1.51623 1.79989e+02 1.57654 8.23559e-05 1.89637 2.09445e+04 2.23294 5.22194e+03 1.35709 3.77522e+03 1.14661 2.22780e+05 1.92388 G038.6529+00.0875
"" "average model method 2" 205 288.44013 1.67716 0.49258 3.95025 42.33023 1.58034 61.88979 16.57056 17100.0 37.39413 28.66627 0.17807 2.52273 166.61936 1.88387 3.65216e+01 9.71789 10.70175 1.45064 3.12536e+05 2.17362 4.17397e+04 1.25050 14.11008 1.58034 2.09252e+02 2.11354 4.74373e-04 2.43045 3.74951e+05 2.14717 1.09974e+05 1.40363 8.18955e+04 1.21297 1.53123e+05 2.66501 G038.6934-00.4524
"" "average model method 2" 169 279.39466 1.65336 0.40124 3.97827 38.88809 1.69955 64.40357 16.00675 9900.0 56.23107 34.07110 0.19418 2.51022 150.52018 2.05856 3.76745e+01 13.17673 10.02908 1.59339 2.40511e+05 2.67745 4.03836e+04 1.29938 12.96270 1.69955 2.23690e+02 2.00371 3.73630e-04 2.49348 2.88583e+05 2.63860 7.56673e+04 1.34645 4.97786e+04 1.08745 1.73337e+05 2.51312 G038.8756+00.3080
"" "average model method 2" 58 308.96159 1.73770 0.29199 3.83478 40.49417 1.54052 68.73620 15.89756 15900.0 29.33616 17.29068 0.23937 2.56424 180.39190 2.06858 3.66094e+01 10.97648 10.03905 1.43163 2.70434e+05 2.07513 4.15643e+04 1.22299 13.49806 1.54052 2.61615e+02 2.02567 3.16259e-04 2.25994 3.12604e+05 2.03602 9.62149e+04 1.21606 7.55279e+04 1.08170 2.18100e+05 2.54349 G039.1956+00.2255
"" "average model method 2" 168 341.61813 1.42692 1.06312 2.52957 48.47616 1.66052 56.31573 16.74758 15900.0 32.29735 29.12691 0.13191 1.85890 214.30356 1.40762 3.24877e+01 10.17055 13.40993 1.41719 4.87050e+05 1.97546 4.16612e+04 1.23072 16.15872 1.66052 1.49584e+02 1.99512 9.86246e-04 1.75950 5.92023e+05 1.91434 1.91095e+05 1.30763 1.52572e+05 1.16150 8.78632e+04 2.17455 G039.8824-00.3460
"" "average model method 2" 310 283.28354 1.67151 0.43668 3.69650 41.34265 1.74656 63.39697 16.91969 9100.0 52.38182 37.32245 0.18743 2.42591 150.79416 1.96764 3.80954e+01 13.10225 10.78552 1.58693 2.84760e+05 2.63021 4.06210e+04 1.28054 13.78088 1.74656 2.23925e+02 2.12925 4.09287e-04 2.28959 3.37832e+05 2.52639 8.72817e+04 1.39180 5.86703e+04 1.14185 1.67398e+05 2.53663 G040.4251+00.7002
"" "average model method 2" 122 326.82012 1.53645 0.48328 3.54739 48.82432 1.50893 58.97356 17.27610 12100.0 35.86921 26.01853 0.19136 2.30202 193.32671 1.58976 3.71120e+01 7.92650 11.33414 1.34038 4.14604e+05 1.82759 4.35277e+04 1.21490 16.27477 1.50893 2.28627e+02 2.14798 5.19316e-04 2.21839 4.90230e+05 1.78232 1.48943e+05 1.26908 1.10594e+05 1.11688 1.61914e+05 2.62641 G041.7419+00.0973
"" "average model method 2" 54 335.38696 1.52868 0.66663 4.05229 56.31857 1.55988 52.51109 15.12582 11800.0 10.07809 14.62828 0.16506 2.43513 184.56047 1.50198 3.86405e+01 9.21768 12.79445 1.26903 5.84433e+05 1.76445 4.46401e+04 1.15234 18.77286 1.55988 2.18058e+02 2.37776 6.99347e-04 2.48825 6.93499e+05 1.70624 2.17820e+05 1.27924 1.94042e+05 1.13216 1.36668e+05 2.96738 G042.1090-00.4469
"" "average model method 2" 225 299.15052 1.64166 0.39394 3.84639 48.37271 1.72659 64.40146 16.23753 8800.0 64.98804 38.59462 0.20278 2.43327 143.70861 1.97640 4.18166e+01 12.61974 11.20721 1.52219 3.72962e+05 2.56622 4.26304e+04 1.23973 16.12424 1.72659 2.69021e+02 2.08220 3.97049e-04 2.38486 4.32929e+05 2.48216 9.82865e+04 1.47384 5.79625e+04 1.08957 1.95085e+05 2.55320 G042.4345-00.2605
"" "average model method 2" 79 343.45159 1.49837 0.74681 3.56088 55.89563 1.60059 53.40911 16.29532 8200.0 9.97935 15.30813 0.15781 2.25634 192.87434 1.47737 3.75778e+01 9.99216 13.04124 1.29661 5.85475e+05 1.85435 4.42353e+04 1.16159 18.63188 1.60059 2.03617e+02 2.27997 7.71352e-04 2.27070 6.97105e+05 1.78062 2.15664e+05 1.31003 1.93778e+05 1.18132 1.24193e+05 2.73823 G043.1778-00.5181
"" "average model method 2" 155 359.11571 1.38830 1.29629 2.42395 42.23590 1.57881 54.33887 16.61568 11900.0 21.92432 26.84163 0.12248 1.78677 254.47358 1.37351 2.73863e+01 8.80605 14.31460 1.50280 4.24158e+05 1.67428 3.89533e+04 1.29920 14.07863 1.57881 1.17583e+02 1.97480 1.13585e-03 1.66618 5.20637e+05 1.65978 2.14617e+05 1.24815 1.85272e+05 1.18025 6.89413e+04 2.18256 G043.2371-00.0453
"" "average model method 2" 116 368.23791 1.34998 0.10934 1.73408 14.18521 1.24958 62.76790 17.65053 4400.0 83.34069 23.28653 0.42704 1.48733 330.91497 1.41908 1.68362e+01 5.27577 5.22664 1.53966 2.21438e+04 1.54471 3.08144e+04 1.25825 4.72840 1.24958 1.80453e+02 1.41333 1.11265e-04 1.37802 3.12364e+04 1.45144 2.33587e+04 1.26158 1.49189e+04 1.12759 2.47915e+05 1.53516 G043.3064-00.2114
"" "average model method 2" 94 426.22960 1.17538 2.00910 1.75967 31.63800 1.47221 60.08488 19.03042 9200.0 39.96461 25.36459 0.10718 1.40072 356.13593 1.17382 1.82732e+01 7.18691 20.11806 1.78108 3.15094e+05 1.43329 3.05048e+04 1.40058 10.54600 1.47221 7.08990e+01 1.71772 1.50773e-03 1.31369 3.82662e+05 1.48389 2.35427e+05 1.10692 1.96677e+05 1.10257 4.03520e+04 1.80114 G043.7954-00.1274
"" "average model method 2" 277 312.71952 1.64712 0.27448 3.66792 44.89375 1.71475 63.49888 16.63086 4400.0 17.81778 21.34787 0.24838 2.37150 159.25341 2.04842 4.06076e+01 13.20713 10.55979 1.51602 3.12473e+05 2.62625 4.20172e+04 1.22253 14.96458 1.71475 3.00255e+02 2.04691 2.98672e-04 2.33194 3.56293e+05 2.54172 9.45654e+04 1.37741 7.93943e+04 1.19086 2.42718e+05 2.46912 G043.8894-00.7840
"" "average model method 2" 36 304.11130 1.61685 0.13334 2.63252 24.53752 1.22605 70.09998 14.31512 14100.0 11.50547 12.17764 0.35142 2.05379 233.87649 1.78512 2.73555e+01 3.91901 7.61375 1.61746 8.34367e+04 1.35396 3.55706e+04 1.28667 8.17917 1.22605 2.52572e+02 1.67285 1.51469e-04 1.69343 9.76525e+04 1.32299 5.16684e+04 1.15016 4.70401e+04 1.06770 2.98136e+05 1.99639 G043.9675+00.9939
"" "average model method 2" 299 246.65564 1.68310 0.55245 3.63564 34.21888 1.73750 64.01733 17.64288 8000.0 75.31671 48.69426 0.15549 2.42066 140.64446 1.99476 3.50560e+01 12.59849 10.15514 1.68653 2.03957e+05 2.69342 3.85117e+04 1.34059 11.40629 1.73750 1.74338e+02 2.05349 4.46556e-04 2.27908 2.53646e+05 2.57459 7.05308e+04 1.43948 4.35520e+04 1.11991 1.30992e+05 2.47149 G044.3103+00.0410
"" "average model method 2" 12 318.31353 1.51593 1.61492 2.15869 51.80385 1.63780 37.41901 9.62872 17900.0 0.00000 0.00000 0.10331 1.77951 189.34131 1.55552 3.33402e+01 9.51245 13.37991 1.32608 5.73211e+05 1.86085 4.34414e+04 1.18422 17.26795 1.63780 1.29548e+02 1.88571 1.36362e-03 1.49413 7.28910e+05 1.77826 4.16983e+05 1.23336 4.16983e+05 1.23336 6.77511e+04 1.96363 G044.4228+00.5377
"" "average model method 2" 88 403.76513 1.16160 2.80920 1.41996 22.20500 1.19803 55.02858 21.98961 4400.0 211.53510 119.34492 0.08822 1.24105 363.59295 1.18333 1.28084e+01 2.13002 29.90662 1.62930 2.00067e+05 1.57897 2.23337e+04 1.32845 7.40167 1.19803 4.64922e+01 1.28309 1.64736e-03 1.26997 2.31376e+05 1.57178 2.11881e+05 1.88743 9.68707e+04 1.05544 2.64310e+04 1.34438 G045.0694+00.1323
"" "average model method 2" 259 382.21605 1.27892 1.70418 1.77686 26.65999 1.48609 57.55353 21.21202 4400.0 177.82281 111.40544 0.11020 1.47695 321.26276 1.32015 1.76500e+01 6.11477 15.93512 1.93045 2.01869e+05 1.85374 3.06649e+04 1.48366 8.88666 1.48609 6.95662e+01 1.59403 1.19696e-03 1.41286 2.60411e+05 1.88716 1.93588e+05 2.10044 8.98875e+04 1.05336 4.29978e+04 1.66794 G045.0712+00.1321
"" "average model method 2" 59 395.99781 1.18098 3.16000 1.00000 24.00000 1.00000 58.09938 20.79466 4400.0 12.65195 30.58726 0.08238 1.08673 354.77445 1.21040 1.31550e+01 1.53140 31.73482 1.08939 2.68069e+05 1.01406 2.33263e+04 1.04719 8.00000 1.00000 4.66485e+01 1.06663 1.86244e-03 1.04018 3.00986e+05 1.02025 2.55082e+05 1.35916 2.32063e+05 1.09791 2.53340e+04 1.05362 G045.1242+00.1356
"" "average model method 2" 2119 285.98365 1.58206 0.85390 2.96359 30.29200 1.94578 56.38344 21.66804 7200.0 0.00000 0.00000 0.13467 2.01449 186.43828 1.84285 2.87940e+01 14.80587 13.21035 1.84562 1.91370e+05 3.04280 3.32325e+04 1.52869 10.09733 1.94578 1.21548e+02 2.30631 6.34702e-04 2.10007 2.37540e+05 2.97031 1.45580e+05 3.49050 1.45580e+05 3.49050 8.47324e+04 2.49287 G045.4545+00.0591
"" "average model method 2" 2096 287.71588 1.57521 0.85384 2.95485 30.39641 1.94669 56.42513 21.72358 7200.0 0.00000 0.00000 0.13508 2.00795 187.71516 1.83468 2.87696e+01 14.82106 13.19190 1.83756 1.92680e+05 3.04447 3.33125e+04 1.52489 10.13214 1.94669 1.21684e+02 2.30608 6.36782e-04 2.09767 2.39247e+05 2.97058 1.47084e+05 3.48942 1.47084e+05 3.48942 8.47501e+04 2.48963 G045.4559+00.0613
"" "average model method 2" 997 328.49814 1.43232 1.13896 2.49121 33.46187 1.75764 57.17736 21.27730 6000.0 19.89033 52.40598 0.12497 1.79776 234.55820 1.54186 2.60379e+01 11.59286 13.49031 1.75036 2.55161e+05 2.36755 3.53382e+04 1.43563 11.15396 1.75764 1.07423e+02 2.07031 8.93940e-04 1.80589 3.22957e+05 2.31779 1.90626e+05 2.77839 1.34378e+05 1.48461 6.88372e+04 2.21679 G045.4656+00.0452
"" "average model method 2" 58 157.78862 1.76416 0.34225 4.44452 28.75695 1.50526 68.46103 13.94309 5890.0 12.37564 13.26882 0.15800 2.73294 69.34117 2.44309 4.35600e+01 10.40293 9.04587 1.66989 1.30412e+05 2.09957 3.64885e+04 1.36949 9.58565 1.50526 2.24592e+02 2.03828 2.30441e-04 2.53142 1.53081e+05 2.14217 3.54013e+04 1.19779 3.10423e+04 1.08597 1.95506e+05 2.73567 G045.5431-00.0073
"" "average model method 2" 990 340.05328 1.41033 1.13338 2.59421 26.77328 1.77586 56.00710 21.54881 5400.0 378.80393 209.16373 0.12746 1.82996 267.27302 1.47124 2.15563e+01 10.13326 15.22226 1.96333 1.70043e+05 2.60036 3.00574e+04 1.59511 8.92443 1.77586 8.92309e+01 2.09214 8.31215e-04 1.85480 2.13320e+05 2.61314 1.58203e+05 3.10047 3.69488e+04 1.09974 6.06555e+04 2.28399 G048.9901-00.2988
"" "average model method 2" 67 153.34112 1.34128 0.11086 1.61551 13.61516 1.28424 66.16227 15.95469 1900.0 11.74417 13.11090 0.27368 1.44376 112.20680 1.60003 2.90903e+01 9.50558 5.01153 1.43413 1.81893e+04 1.73543 2.99585e+04 1.22515 4.53839 1.28424 2.11239e+02 1.35673 8.02031e-05 1.31742 2.48251e+04 1.63000 1.21149e+04 1.21206 1.10851e+04 1.14009 3.03385e+05 1.40566 G050.3152+00.6762
"" "average model method 2" 219 304.84748 1.53580 0.55470 3.45373 40.71258 1.54062 59.11028 17.62091 8580.0 47.22085 38.55860 0.17251 2.26991 192.91090 1.64180 3.35642e+01 8.62026 10.64897 1.48776 2.95413e+05 2.04463 4.12578e+04 1.27323 13.57086 1.54062 1.85571e+02 2.07273 5.34863e-04 2.20702 3.62215e+05 1.99593 1.19800e+05 1.37206 8.52314e+04 1.12423 1.34450e+05 2.52309 G050.3157+00.6747
"" "average model method 2" 353 307.99391 1.48391 0.94245 2.77725 40.18954 1.64864 61.41158 18.05405 10500.0 69.15118 47.10135 0.13303 2.00288 198.35456 1.59332 3.10650e+01 10.33479 11.39891 1.54245 3.16401e+05 2.32158 4.05676e+04 1.27386 13.39651 1.64864 1.40082e+02 1.92671 8.08122e-04 1.93483 4.03609e+05 2.22596 1.32163e+05 1.44502 8.79370e+04 1.14940 8.93770e+04 2.15381 G051.6785+00.7193
"" "average model method 2" 153 356.06711 1.50613 0.16430 2.79891 36.48416 1.65629 62.03082 16.92897 9300.0 53.29723 30.28873 0.34257 2.01436 222.92188 1.79476 3.45588e+01 12.89593 9.09865 1.54755 1.91753e+05 2.60595 4.00635e+04 1.24674 12.16139 1.65629 3.13417e+02 1.86820 2.04148e-04 1.91650 2.19402e+05 2.50550 8.53218e+04 1.43045 5.45610e+04 1.09990 3.06286e+05 2.08238 G052.7533+00.3340
"" "average model method 2" 162 216.54845 1.71607 0.13477 2.35449 17.59522 1.52503 60.02622 18.09715 5000.0 12.29527 18.67036 0.29497 1.94441 147.73123 2.25892 2.94502e+01 14.09335 6.09907 1.62300 3.67773e+04 2.54683 3.23828e+04 1.26440 5.86507 1.52503 2.20542e+02 1.66830 1.12516e-04 1.64040 4.75631e+04 2.29505 2.23945e+04 1.28423 2.00485e+04 1.14555 2.75512e+05 1.80188 G053.9589+00.0320
"" "average model method 2" 267 314.64059 1.52166 0.13120 2.08304 20.15032 1.51485 59.86329 18.62793 4200.0 49.55909 41.71388 0.36037 1.74331 246.21875 1.72421 2.50482e+01 10.51611 6.48823 1.61766 5.10597e+04 2.43197 3.40807e+04 1.28983 6.71677 1.51485 2.22701e+02 1.65266 1.37118e-04 1.53556 6.52432e+04 2.18802 3.68637e+04 1.60288 2.61401e+04 1.23198 2.71408e+05 1.76045 G059.6027+00.9118
"" "average model method 2" 158 413.63310 1.18240 2.07137 1.74430 24.30753 1.38769 56.98620 21.31164 2160.0 603.52811 159.11272 0.10399 1.40582 364.86484 1.17573 1.48436e+01 4.51748 21.38263 2.08261 1.88445e+05 1.64992 2.60206e+04 1.52608 8.10251 1.38769 5.74376e+01 1.57957 1.36563e-03 1.36411 2.33734e+05 1.70725 1.94421e+05 1.90791 4.02688e+04 1.05708 3.45735e+04 1.68424 G060.8842-00.1286
"" "average model method 2" 193 399.72434 1.28474 1.69991 1.77720 32.25558 1.47245 55.78675 20.20519 4010.0 8.82024 35.95392 0.11284 1.46346 324.72656 1.32498 1.98908e+01 7.39287 15.23837 1.79465 2.89913e+05 1.64500 3.43281e+04 1.35205 10.75186 1.47245 7.98812e+01 1.64980 1.31258e-03 1.37655 3.72673e+05 1.58989 2.47866e+05 1.78993 2.16768e+05 1.23680 4.71029e+04 1.72340 G061.4770+00.0891
"" "average model method 2" 199 298.54817 1.61815 0.39841 4.08497 38.30686 1.50471 59.87873 16.50350 14000.0 45.77790 32.58296 0.20144 2.53693 186.18797 1.84277 3.40683e+01 9.27161 10.14247 1.49421 2.53186e+05 2.03832 4.06762e+04 1.26514 12.76895 1.50471 2.10510e+02 2.09998 3.98572e-04 2.48904 3.03001e+05 2.02964 1.04758e+05 1.38812 7.33507e+04 1.15960 1.67921e+05 2.71745 G061.7207+00.8630
