No.	Source_Name	Source_Type	RA(J2000)	Dec(J2000)	Flux(mJy) Angular_Size(arcsec)	MAGPIS 5GHz Flux(mJy)	Spectral index	S3_6	S4_5	S5_8	S8_0	Dist_h(kpc)	Diam(pc)	log(Tb)	log(Lbol)	Dist_G(kpc)
1	G010.3009-00.1477 UCHII	18:08:55.95	-20:05:55.34	631.39	5.45	1169.19	0.25	191.81	316.14	1982.12	5117.7	2.4	0.061	3.02	 	6.15
2	G010.3204-00.2328 UCHII	18:09:17.53	-20:07:23.07	32.43	3.23	28.78	-0.32	107.48	159.13	812.79	1646.41	12.6	0.18	2.18	4.51	4.5
3	G010.3204-00.2586 UCHII	18:09:23.28	-20:08:06.91	18.20	1.67	47.09	-0.58	8.68	57.5	213.39	495.73	3.5	0.028	2.5	4.18	5.1
4	G010.4724+00.0275 UCHII	18:08:38.18	-19:51:49.77	38.43	2.24	92.82	0.49		 	 	 	11	0.091	2.57	5.84	3.06
5	G010.4736+00.0274 UCHII	18:08:38.32	-19:51:45.60	19.30	2.03	94.83	0.07		 	 	 	11	0.075	2.36	 	3.06
6	G010.6218-00.3848 UCHII	18:10:28.75	-19:55:56.46	37.06	2.29	1238.9	-1.19	5.8	26.34	 	 	2.4	0.02	2.54	 	6.16
7	G010.6223-00.3788 UCHII	18:10:27.54	-19:55:45.75	483.33	5.76	1039.47	-0.06		53.54	 	 	2.4	0.065	2.85	 	6.16
8	G010.6234-00.3837 UCHII	18:10:28.70	-19:55:49.13	1952.22	4.64	3921.35	0.75	36.98	147.58	498.96	1128.85	2.4	0.051	3.65	4.95	6.16
9	G010.6240-00.3813 UCHII	18:10:28.19	-19:55:43.59	71.65	2.08	492.7	-0.94		 	117.75	522.44	2.4	0.016	2.91	 	6.16
10	G010.6297-00.3380 UCHII	18:10:19.23	-19:54:10.52	26.39	3.45	44.91	-0.81	106.73	162.38	1325.45	3592.56	4.95	0.074	2.03	 	3.75
11	G010.8519-00.4407 UCHII	18:11:09.53	-19:45:28.05	11.09	1.82		0.26		 	 	 	 	 	2.21	 	 
12	G010.9584+00.0221 UCHII	18:09:39.38	-19:26:27.98	195.97	2.20	326.65	1.18	25.54	85.09	250.68	522.95	13.7	0.11	3.3	5.27	5.59
13	G010.9656+00.0089 UCHII	18:09:43.06	-19:26:28.61	51.75	4.88	206.89	-0.79	47.99	65.33	378.14	1163.15	2.7	0.06	2.03	3.39	5.87
14	G011.0328+00.0274 UCHII	18:09:47.35	-19:22:24.32	5.69	1.89	4.14	0.26	15.93	23.95	201.82	532.55	2.6	0.015	1.89	2.87	5.97
15	G011.1104-00.3985 UCHII	18:11:31.99	-19:30:41.66	305.37	8.35	303.63	-0.05	255.78	391.37	2148.49	5957.55	16.8	0.67	2.33	5.65	8.62
16	G011.1712-00.0662 UCHII	18:10:25.11	-19:17:47.46	102.17	10.75	131.49	0.22	119.78	114.47	691.14	1766.8	12.8	0.66	1.64	4.43	4.76
17	G011.9032-00.1407 UCHII	18:12:11.26	-18:41:30.73	25.57	3.21	83.07	-0.14		40.18	118.8	248.42	4.1	0.056	2.09	4.11	4.57
18	G011.9039-00.1411 UCHII	18:12:11.42	-18:41:29.03	16.81	1.84	69.77	-0.32		 	 	 	4.1	0.022	2.38	 	4.57
19	G011.9368-00.6158 UCHII	18:14:01.10	-18:53:23.53	1155.90	5.89		0.4	256.25	609.17	3641.5	10277.65	4	0.11	3.21	 	4.66
20	G011.9446-00.0369 UCHII	18:11:53.26	-18:36:17.46	943.58	14.64	2036.45	-0.13	820.14	1048.06	4647.68	13816.6	12.6	0.89	2.33	5.01	4.63
21	G011.9786-00.0973 UCHII	18:12:10.78	-18:36:17.51	4.46	1.76	6.82	0.41		 	 	 	 	 	1.85	 	 
22	G012.1988-00.0345 UCHII	18:12:23.61	-18:22:53.67	62.71	2.68	102.95	0.31	29.57	177.31	512.85	811.23	11.9	0.13	2.63	5.3	4.02
23	G012.2081-00.1019 UCHII	18:12:39.69	-18:24:21.33	207.87	2.84	309.84	0.46	60.29	53.71	218.63	623.32	13.6	0.16	3.1	5.87	5.59
24	G012.4294-00.0479 UCHII	18:12:54.57	-18:11:08.62	45.17	2.72	103.16	-0.18		15.77	149.58	498.99	13.9	0.15	2.48	4.83	5.89
25	G012.4317-01.1112 UCHII	18:16:51.21	-18:41:28.23	69.01	4.40			122.36	235.54	1969.68	5774.6	4.1	0.081	2.24	 	4.58
26	G012.8050-00.2007 UCHII	18:14:13.96	-17:55:44.87	12616.40	16.22	26528.17	0.48	914.06	2585.81	13458.14	40822.39	2.1	0.16	3.37	 	6.47
27	G012.8131-00.1976 UCHII	18:14:14.16	-17:55:15.78	1500.39	5.43	593.9	0.56	101.42	380.61	2485.64	7721.11	2.1	0.053	3.4	 	6.47
28	G012.9995-00.3583 UCHII	18:15:12.18	-17:50:00.76	20.14	3.09	6.68	1.22	16.35	60.61	320.47	802.16	1.9	0.025	2.02	3.39	6.66
29	G013.2099-00.1428 UCHII	18:14:50.01	-17:32:44.49	946.76	8.35	1864.65	0.11	44.47	193.8	1385.79	3876.5	4.6	0.18	2.82	4.14	4.16
30	G013.3850+00.0684 UCHII	18:14:24.60	-17:17:32.35	603.94	19.18	1223.45	-0.36	410.91	521.85	3639.65	9936.61	1.9	0.18	1.91	3.55	6.67
31	G013.8726+00.2818 UCHII	18:14:35.81	-16:45:37.19	1447.55	15.43	4276.31	-0.4		900.18	6252.28	21687.65	4.4	0.33	2.47	4.84	4.36
32	G014.1046+00.0918 UCHII	18:15:45.10	-16:38:51.15	24.61	2.86	83.46	-0.78		 	 	 	 	 	2.17	 	 
33	G014.1741+00.0245 UCHII	18:16:08.46	-16:37:05.77	47.73	6.93	139.51	-0.46	39.69	54.71	436.16	1309.2	14.7	0.48	1.69	5.05	6.79
34	G014.2460-00.0728 UCHII	18:16:38.30	-16:36:06.15	51.26	3.93	87.89	-0.17		15.58	134.93	429.36	11.6	0.2	2.21	 	3.96
35	G014.5988+00.0198 UCHII	18:16:59.81	-16:14:49.42	4.39	1.85	3.45	-0.38	17.98	65.09	186.92	338.53	2.8	0.015	1.8	 	5.83
36	G014.7785-00.3328 UCHII	18:18:38.70	-16:15:22.36	18.25	2.31	39.47	0.29	8.86	24.07	96.88	291.01	13.1	0.11	2.23	5.09	5.34
37	G016.1448+00.0088 UCHII	18:20:04.60	-14:53:25.94	14.76	1.60	27.8	0.6	16.55	29.86	235.4	635.54	12.4	0.096	2.45	4.52	4.85
38	G016.3913-00.1383 UCHII	18:21:05.51	-14:44:32.58	124.27	11.74	43.18	0.61	78.31	83	384.31	947.84	12.2	0.69	1.64	4.25	4.7
39	G016.9445-00.0738 UCHII	18:21:56.02	-14:13:26.13	519.34	3.46		-0.22		 	 	 	11.1	0.32	2.94	 	7.6
40	G017.0299-00.0696 UCHII	18:22:05.05	-14:08:47.91	5.38	2.39	901.84	0.6	91.62	188.82	1034.45	2645.22	17	0.26	3.33	5.71	9.21
41	G017.1141-00.1124 UCHII	18:22:24.19	-14:05:32.70	17.21	2.84	7.01	0.1	28.7	38.88	97.05	182.44	10.4	0.096	1.66	4.74	3.37
42	G017.5549+00.1654 UCHII	18:22:14.78	-13:34:21.98	7.13	2.21	34.3	-0.16	63.88	80.79	637.16	1692.88	10.4	0.12	2.02	4.27	3.38
43	G017.9850+00.1266 UCHII	18:23:13.02	-13:12:40.26	10.42	3.56	12.15	-0.08	21.75	26.9	182.66	485.29	14.1	0.11	1.85	4.77	6.52
44	G018.1460-00.2839 UCHII	18:25:00.77	-13:15:27.50	856.18	23.42	18.55	0.02	104.15	81.18	390.02	999.52	13.7	0.21	1.61	 	6.2
45	G018.3024-00.3910 UCHII	18:25:42.30	-13:10:19.00	1277.88	14.63	546.59	-0.19	1395.5	1693.76	7930.3	24389.19	4.3	0.49	1.88	4.1	4.61
46	G018.4433-00.0056 UCHII	18:24:34.66	-12:52:05.45	81.31	2.41	2032.05	-0.06	1898.17	2404.38	14926.67	39597.3	3	0.21	2.47	4.59	5.73
47	G018.4614-00.0038 UCHII	18:24:36.33	-12:51:04.77	342.12	2.76	116.98	0.28	9.92	19.13	126.12	393.09	12	0.11	2.84	4.89	4.77
48	G018.6654+00.0294 UCHII	18:24:52.62	-12:39:19.85	5.65	1.74	548.25	0.84	31.09	111.95	358.18	958.09	12.1	0.13	3.34	5.16	4.85
49	G018.7106+00.0002 UCHII	18:25:04.14	-12:37:44.97	107.46	2.04	7.57	0.33	7.52	16.02	89.4	232.82	10.9	0.092	1.96	 	3.94
50	G018.7612+00.2630 UCHII	18:24:12.86	-12:27:41.66	51.38	1.79	177.74	0.85	49.17	74.35	285.55	585.66	2.6	0.018	3.1	3.6	6.09
51	G018.8250-00.4675 UCHII	18:26:59.05	-12:44:46.17	11.41	2.53	31.23	0.67	28.92	45.43	343.32	903.15	14	0.12	2.89	5.29	6.55
52	G018.8338-00.3002 UCHII	18:26:23.61	-12:39:40.70	131.38	6.72		0.3	53.07	69.51	601.06	1433.97	4.5	0.044	1.94	4.25	4.48
53	G019.0035+00.1280 UCHII	18:25:10.01	-12:18:37.84	6.41	2.75	219.21	0.19		 	 	 	12.6	0.4	2.15	5.42	5.32
54	G019.0754-00.2874 UCHII	18:26:48.43	-12:26:28.04	380.69	8.49	9.77	0.19	13.53	22.32	106.1	280.81	11.3	0.13	1.62	4.72	4.28
55	G019.0767-00.2882 UCHII	18:26:48.87	-12:26:23.46	129.48	2.53	605.36	-0.17	251.49	375.62	2487.01	6920.8	4.6	0.19	2.41	5.08	4.42
56	G019.4752+00.1728 UCHII	18:25:54.31	-11:52:21.42	37.22	3.74	231.03	0.04	68.24	100.86	946.54	3167.07	4.6	0.045	3	 	4.42
57	G019.6087-00.2351 UCHII	18:27:38.27	-11:56:36.07	2900.88	13.11	58.72	-0.09	12.48	27.45	175.62	483.39	14.1	0.23	2.11	 	6.71
58	G019.6090-00.2313 UCHII	18:27:37.40	-11:56:31.97	259.95	3.84	5170.32	0.23	760.05	1310.98	6499.63	17921.26	12.7	0.8	2.92	5.01	5.49
59	G019.7281-00.1135 UCHII	18:27:25.35	-11:46:56.32	26.23	3.36	1079.53	-0.53	56.47	151.16	652.04	2260.9	12.7	0.22	2.94	 	5.49
60	G019.7549-00.1282 UCHII	18:27:31.60	-11:45:54.72	36.52	1.64	27.19	-0.08	34.63	61.13	546.84	1412.71	4.3	0.063	2.05	3.84	4.68
61	G020.0720-00.1421 UCHII	18:28:10.78	-11:29:26.84	210.13	5.39	46.08	1.11		 	 	 	9.3	0.073	2.82	5.47	3.15
62	G020.0797-00.1337 UCHII	18:28:09.81	-11:28:48.69	14.09	2.17	416.03	0	115.94	203.74	846.74	2385.06	12.6	0.32	2.55	 	5.46
63	G020.0809-00.1362 UCHII	18:28:10.42	-11:28:48.88	498.19	2.98	89.89	-0.92		10.1	83.23	330.94	12.6	0.098	2.17	 	5.46
64	G020.3633-00.0136 UCHII	18:28:16.00	-11:10:24.21	55.11	2.93	857.54	1.02	22.21	86.98	281.08	742.47	12.6	0.16	3.44	5.2	5.46
65	G020.7619-00.0646 UCHII	18:29:12.36	-10:50:38.41	10.03	2.46	98.78	0.02	4.54	17.4	86.49	251.89	3.9	0.047	2.5	3.47	5.03
66	G020.9636-00.0744 UCHII	18:29:37.32	-10:40:11.33	11.28	2.49	20.82	-0.24		 	 	 	11.8	0.11	1.91	4.65	4.89
67	G021.3571-00.1766 UCHII	18:30:43.94	-10:22:06.63	24.93	1.91	16.75	-0.18	10.17	20.53	140.53	390.77	13.2	0.13	1.95	4.79	6.08
68	G021.3855-00.2541 UCHII	18:31:03.92	-10:22:45.28	113.91	2.22	44.61	0.34		 	 	 	10.3	0.06	2.52	5.45	3.91
69	G021.6034-00.1685 UCHII	18:31:10.00	-10:08:46.59	19.84	3.74	207.13	0.71	53.14	108.23	504.32	1600.15	10.3	0.08	3.05	5.62	3.91
70	G021.8751+00.0075 UCHII	18:31:02.48	-09:49:30.79	566.73	11.48	46.78	-0.3	27.22	34.99	282.22	754.83	16.2	0.27	1.84	4.41	8.87
71	G023.1974-00.0006 UCHII	18:33:32.91	-08:39:18.40	10.01	2.28	1064.73	-0.15	211.88	314.86	2194.29	6067.15	13.8	0.76	2.32	4.94	6.71
72	G023.2654+00.0765 UCHII	18:33:23.91	-08:33:34.45	88.57	4.59	18.65	-0.22	70.96	90.61	695.26	1881.53	4.8	0.04	1.98	3.95	4.5
73	G023.4553-00.2010 UCHII	18:34:44.92	-08:31:07.11	14.39	1.71	149.89	-0.02	68.81	117.37	853.94	2236.12	4.9	0.1	2.31	3.99	4.44
74	G023.4835+00.0964 UCHII	18:33:44.04	-08:21:23.52	8.23	2.15	3.16	0.66		 	 	 	5.8	0.048	2.38	4.24	3.93
75	G023.7110+00.1705 UCHII	18:33:53.47	-08:07:13.69	208.50	4.69	7.96	0.09	42.91	55.98	178.26	298.54	5.2	0.038	1.94	4.04	4.27
76	G023.8618-00.1250 UCHII	18:35:13.95	-08:07:23.08	39.16	4.05	439.25	-0.09	51.05	113.25	649.34	1720.71	7.5	0.2	2.54	5.02	4.08
77	G023.8985+00.0647 UCHII	18:34:37.23	-08:00:10.29	43.42	4.10	548.53	-0.23	227.87	324.14	1738.13	5138.15	6.5	0.14	2.67	5.05	3.65
78	G023.9564+00.1493 UCHII	18:34:25.20	-07:54:45.83	1161.18	13.14	38.86	-0.17	37.45	56.44	417.85	976.6	10.7	0.2	2.07	4.81	4.52
79	G024.1839+00.1199 UCHII	18:34:57.21	-07:43:26.58	3.79	1.69	115.83	-0.68	54.81	89.85	607.22	1417.84	12.6	0.23	2.1	5.2	5.93
80	G024.4698+00.4954 UCHII	18:34:08.43	-07:17:50.26	29.50	2.86	2658.26	-0.1	1775.59	2305.34	13569.53	37519.12	5	0.32	2.52	5.28	4.42
81	G024.4721+00.4877 UCHII	18:34:10.33	-07:17:56.03	55.19	3.86	3.44	0.09	30.76	61.75	268.6	667.4	7.8	0.064	1.81	4.14	3.48
82	G024.4736+00.4950 UCHII	18:34:08.89	-07:17:41.31	99.43	5.62		-1.78		 	524.66	 	5.51	0.064	2.25	 	4.17
83	G024.4921-00.0386 UCHII	18:36:05.69	-07:31:23.26	140.12	4.44		-1.21	150.3	188.65	941.01	4025.91	5.51	0.096	2.26	4.87	4.17
84	G024.5065-00.2224 UCHII	18:36:46.81	-07:35:41.07	205.57	6.19		-1.1	106.84	139.24	961.1	3734.72	5.5	0.14	2.19	4.32	4.17
85	G024.8497+00.0881 UCHII	18:36:18.18	-07:08:51.31	19.93	3.67	332.61	-0.17		 	 	 	6.3	0.13	2.54	4.44	3.8
86	G025.3809-00.1815 UCHII	18:38:15.00	-06:48:01.19	460.83	8.46	458.99	-0.2	290.25	405.36	2601.48	7109.98	5.8	0.17	2.42	4.39	4.02
87	G025.3824-00.1812 UCHII	18:38:15.26	-06:47:52.60	200.13	3.44	20.98	-1.2	77.97	110.89	541.36	1424.67	5.77	0.092	1.86	5.14	4.07
88	G025.3948+00.0332 UCHII	18:37:30.58	-06:41:19.60	296.86	4.64	1799.06	-0.6		 	 	 	2.7	0.11	2.5	 	6.17
89	G025.3970+00.5614 UCHII	18:35:37.44	-06:26:38.34	121.17	2.04	929.75	-0.58		 	 	 	2.7	0.041	2.92	4.82	6.17
90	G025.3981-00.1411 UCHII	18:38:08.27	-06:45:58.16	2132.24	8.60	549.92	-0.02	72.83	260.66	1129.2	2389.8	17.1	0.36	2.83	5.78	10.1
91	G025.3983+00.5617 UCHII	18:35:37.53	-06:26:33.60	51.93	2.51		0.5	24.32	93.97	381.4	913.01	14	0.095	3.16	5.29	7.3
92	G025.3991-00.1366 UCHII	18:38:07.42	-06:45:46.77	29.38	3.36	4590.88	0.12	389.84	1001.96	5658.69	16138.67	5.6	0.23	3.15	5.1	4.2
93	G025.7157+00.0487 UCHII	18:38:02.80	-06:23:47.04	20.79	2.36		-0.25	40.72	105.87	506.75	1177.7	14	0.14	2.61	 	7.3
94	G025.8011-00.1568 UCHII	18:38:56.36	-06:24:53.36	31.95	1.79		-1.5	49.22	94.48	811.57	2525.76	5.6	0.081	2.11	 	4.2
95	G026.0083+00.1369 UCHII	18:38:16.28	-06:05:45.56	6.58	1.84	6.82	0.09	119.78	165.5	818.64	2358.09	9.5	0.083	2.26	5.41	4.12
96	G026.0916-00.0565 UCHII	18:39:06.99	-06:06:38.48	11.59	2.56	56.84	0.49		 	 	 	5.6	0.048	2.69	4.13	4.23
97	G026.1094-00.0937 UCHII	18:39:16.92	-06:06:43.01	4.72	1.58	8.13	0.68		 	 	 	13.8	0.073	1.98	3.07	7.17
98	G026.5976-00.0236 UCHII	18:39:55.87	-05:38:45.58	69.92	2.65	110.38	-1.52	23.51	32.99	277.79	722.48	13.1	0.13	1.94	5.09	6.62
99	G026.6089-00.2121 UCHII	18:40:37.51	-05:43:20.10	201.41	6.53	7.73	-0.47	26.39	47.37	150.53	342.55	13.3	0.1	1.97	4.93	6.79
100	G026.8304-00.2067 UCHII	18:41:00.84	-05:31:22.04	12.31	1.98	145.65	0.03	59.31	232.09	849.86	1416.62	13.4	0.14	2.69	5.19	6.94
101	G027.1859-00.0816 UCHII	18:41:13.27	-05:08:57.88	19.78	2.03	380.66	-0.02	130.91	147.16	611.47	1534.05	7.6	0.24	2.36	4.02	3.81
102	G027.2800+00.1447 UCHII	18:40:35.17	-04:57:45.66	428.04	5.74	19.08	-0.04	18.09	22.84	231.67	635.05	11.9	0.075	2.19	4.19	5.77
103	G027.3644-00.1657 UCHII	18:41:50.98	-05:01:45.15	60.14	2.26	30.5	-0.26	30.24	66.5	339.28	921.01	13.2	0.09	2.37	5.65	6.85
104	G027.5637+00.0845 UCHII	18:41:19.39	-04:44:20.65	162.53	12.28	769.86	0.07	66.41	118.31	711.42	2160.3	12.8	0.34	2.8	5.1	6.53
105	G027.9352+00.2056 UCHII	18:41:34.34	-04:21:06.41	4.44	1.60	98.6	0.33	31.39	60.12	409.05	1311.5	8	0.066	2.76	5.37	3.93
106	G028.1985-00.0503 UCHII	18:42:58.14	-04:14:04.87	136.26	3.05	149.05	0.04	113.44	121.82	620.61	1633.34	9.9	0.59	1.72	4.22	4.59
107	G028.2003-00.0494 UCHII	18:42:58.12	-04:13:57.51	161.66	2.19	20.34	-0.48		 	 	 	12.1	0.094	1.93	5.16	6.08
108	G028.2879-00.3641 UCHII	18:44:15.10	-04:17:55.96	552.77	4.61	395.1	0.03		 	 	 	5.8	0.076	2.86	 	4.36
109	G028.4518+00.0027 UCHII	18:43:14.61	-03:59:06.60	33.75	2.32	395.27	0.45		 	 	 	5.8	0.045	3.22	5.73	4.36
110	G028.5816+00.1447 UCHII	18:42:58.46	-03:48:17.26	40.03	5.31	939.64	0.29		 	 	 	11.6	0.25	3.11	5.68	5.76
111	G028.6082+00.0185 UCHII	18:43:28.48	-03:50:19.16	210.15	3.62	73.57	-0.31	7.35	14.4	157.58	426.25	16.5	0.14	2.49	5.03	9.89
112	G028.6523+00.0273 UCHII	18:43:31.41	-03:47:45.34	228.85	5.66	65.99	-0.08	22.57	35.81	272.12	688.78	16.5	0.41	1.84	4.38	9.91
113	G028.6869+00.1770 UCHII	18:43:03.23	-03:41:45.79	102.98	5.28	379.49	0.16	108.13	194.96	1265.97	3237.33	7.5	0.12	2.89	5.06	4.07
114	G029.7704+00.2189 UCHII	18:44:53.16	-02:42:49.09	49.98	6.57	145.12	-0.14	110.74	147.02	1280.73	3364.81	9.8	0.24	2.26	4.45	4.71
115	G029.9559-00.0168 UCHII	18:46:04.18	-02:39:21.28	3116.20	9.62	36.37	-0.39	26.98	37.95	180	487.54	9.84	0.31	1.75	 	4.89
116	G030.0096-00.2734 UCHII	18:47:04.71	-02:43:31.22	4.54	1.62	5643.42	0.37		 	 	 	7.4	0.34	3.22	5.54	4.24
117	G030.2527+00.0540 UCHII	18:46:21.41	-02:21:35.31	96.79	5.81	5.1	0.97		8.83	23.89	40.24	7.4	0.058	1.93	4.43	4.25
118	G030.5313+00.0205 UCHII	18:46:59.18	-02:07:36.44	85.54	5.54	158.43	-0.21	42.9	74.83	647.62	1848.75	10.2	0.28	2.15	4.39	5.15
119	G030.5353+00.0204 UCHII	18:46:59.36	-02:07:24.69	710.36	6.30	488.53	-0.82	221.93	209.73	1066.1	3049.8	11.4	0.29	2.13	4.36	5.94
120	G030.5887-00.0428 UCHII	18:47:18.88	-02:06:17.25	92.37	1.79	1385.62	0.19	280.41	403.72	2221.58	5625.5	11.4	0.34	2.94	5.58	5.94
121	G030.6881-00.0718 UCHII	18:47:36.15	-02:01:50.78	466.99	10.81	99.57	2.16	101.76	409.13	1366.37	1795.32	11.8	0.1	3.15	5.4	6.23
122	G030.7197-00.0829 UCHII	18:47:41.79	-02:00:22.33	969.33	4.59	992.36	-0.27	193.14	360.17	1842.89	5928.66	4.9	0.25	2.29	 	4.96
123	G030.7532-00.0511 UCHII	18:47:38.67	-01:57:44.25	301.66	3.29	873.67	0.64	103	102.44	422.69	1044.04	4.9	0.1	3.35	 	4.96
124	G030.7579+00.2042 UCHII	18:46:44.53	-01:50:28.59	26.23	4.15	165.02	-0.47		 	894.17	 	4.9	0.069	3.13	4.85	4.97
125	G030.7661-00.0348 UCHII	18:47:36.61	-01:56:35.88	87.53	3.26	4.78	-0.31	21.78	53.65	494.34	1557.61	7.22	0.14	1.87	4.28	4.35
126	G030.8662+00.1143 UCHII	18:47:15.70	-01:47:10.93	325.47	3.09	19.92	-0.86	821.01	1030.24	2357.18	5130.34	7.22	0.1	2.6	 	4.35
127	G030.9581+00.0869 UCHII	18:47:31.61	-01:43:01.47	25.79	3.20	476.58	0.7		 	 	 	11.9	0.16	3.22	5.61	6.34
128	G031.0495+00.4697 UCHII	18:46:19.86	-01:27:39.46	13.64	1.79	18.13	-0.44	94.82	338.15	1289.53	2303.79	11.8	0.16	2.09	4.78	6.28
129	G031.0595+00.0922 UCHII	18:47:41.61	-01:37:27.39	11.70	2.01		0.3	15.35	22.91	179.98	452.47	12.2	0.1	2.32	4.23	6.59
130	G031.1590+00.0465 UCHII	18:48:02.27	-01:33:23.97	7.04	2.02	16.49	-0.5	13.25	21.25	237.44	652.68	13.4	0.084	2.15	4.55	7.53
131	G031.1596+00.0448 UCHII	18:48:02.71	-01:33:24.83	23.83	1.69	8.65	-0.31	12.23	26.6	163.52	473.97	2.7	0.018	1.93	 	6.35
132	G031.2420-00.1106 UCHII	18:48:44.69	-01:33:14.49	296.24	7.81	19.34	0.26	11.28	24.03	141.49	386.67	2.7	0.022	2.61	3.73	6.35
133	G031.2435-00.1103 UCHII	18:48:45.04	-01:33:10.60	353.06	2.69	800.06	-0.37	102.54	149.96	894.5	2332.76	12.7	0.48	2.38	 	7.03
134	G031.2448-00.1132 UCHII	18:48:45.76	-01:33:11.87	37.39	3.14	601.08	0.18	297.1	212.2	513.08	1265.34	13	0.14	3.38	5.59	7.23
135	G031.2801+00.0632 UCHII	18:48:11.82	-01:26:31.01	268.86	9.33	46.07	-0.33	30.57	44.75	305.07	847.95	13	0.18	2.27	 	7.23
136	G031.3959-00.2570 UCHII	18:49:33.26	-01:29:09.34	80.96	10.03	593.67	-0.15		 	 	 	7.1	0.32	2.18	4.75	4.42
137	G031.4130+00.3065 UCHII	18:47:34.29	-01:12:44.54	954.80	9.38	195.56	-0.58	255.27	399.77	1789.22	4898.04	9.1	0.44	1.6	5.67	4.8
138	G031.5815+00.0744 UCHII	18:48:42.57	-01:10:04.47	14.48	2.41	1798.53	0.02	40.42	121.78	1058.07	3157.47	5.6	0.25	2.73	5.25	4.73
139	G032.0297+00.0491 UCHII	18:49:37.05	-00:46:50.22	26.68	4.27	20.26	-0.16	12.1	38.12	280.5	781.33	7.2	0.066	2.09	5.22	4.45
140	G032.1502+00.1329 UCHII	18:49:32.55	-00:38:05.53	533.63	12.38	34.34	-0.07	195.53	196.68	1479.13	3958.75	4.9	0.095	1.86	4.03	5.06
141	G032.2730-00.2258 UCHII	18:51:02.32	-00:41:24.61	309.28	9.83	1207.3	-0.13	714.72	718.35	4660.34	13715.66	7.2	0.43	2.23	4.79	4.52
142	G032.4727+00.2036 UCHII	18:49:52.55	-00:18:57.04	97.38	2.26	735.13	0	234.33	227.17	1293.33	3634.94	12.8	0.6	2.19	4.59	7.22
143	G032.7398+00.1940 UCHII	18:50:23.82	-00:04:57.25	3.39	1.59	180.96	0.54	205.35	346.68	784.93	1495.9	11.1	0.091	2.97	5.6	6.02
144	G032.7492-00.0643 UCHII	18:51:20.01	-00:11:30.91	13.12	2.14	3.23	0.26	9.64	17.09	126.21	335.04	12.9	0.099	1.82	4.08	7.36
145	G032.7966+00.1909 UCHII	18:50:30.95	-00:01:56.54	3123.37	10.01	12.82	-0.07	288.71	537.69	1380.26	1616.34	11.7	0.085	2.15	4.49	6.47
146	G032.7982+00.1937 UCHII	18:50:30.27	-00:01:50.37	17.22	1.99	3841.71	0.61		 	 	 	13.3	0.64	3.18	5.05	7.69
147	G032.9273+00.6060 UCHII	18:49:16.29	+00:16:22.39	285.57	6.81		0.21		 	 	 	13.3	0.084	2.33	 	7.69
148	G033.1328-00.0923 UCHII	18:52:08.05	+00:08:12.59	378.59	4.02		0.07	146	182.68	936.85	2626.01	18.6	0.6	2.48	5.54	12.4
149	G033.4163-00.0036 UCHII	18:52:20.31	+00:25:48.68	75.16	8.78	949.93	0.53	19.1	79.33	265.9	586.27	9.4	0.17	3.06	5.28	5.18
150	G033.8100-00.1864 UCHII	18:53:42.20	+00:41:47.17	107.63	2.19	173.65	-0.29	274.35	259.63	997.27	2321.88	9.4	0.39	1.68	4.37	5.22
151	G033.9145+00.1105 UCHII	18:52:50.43	+00:55:28.68	842.22	10.14	152.81	0.46	318.18	394.98	3830.11	6988.93	11.1	0.086	3.04	5.71	6.22
152	G034.0901+00.4365 UCHII	18:51:59.76	+01:13:47.00	9.62	2.41	1661.36	0.04	711.4	925.4	5839.29	17553.89	6.7	0.32	2.6	5.88	4.76
153	G034.1978-00.5912 UCHII	18:55:51.11	+00:51:25.14	10.54	3.26		-1.02	37.11	40.69	354.66	1060.27	11.4	0.11	1.91	4.36	6.46
154	G034.2544+00.1460 UCHII	18:53:19.91	+01:14:38.62	352.37	5.88		-0.17	53.29	76.23	717.16	2058.83	10.3	0.14	1.69	4.49	5.79
155	G034.2571+00.1466 UCHII	18:53:20.01	+01:14:46.45	47.80	2.43	1625.53	-0.84		 	 	 	3.58	0.099	2.7	 	5.9
156	G034.2572+00.1535 UCHII	18:53:18.40	+01:14:58.87	1762.63	5.75	937.04	-2.08		 	 	 	3.58	0.033	2.6	 	5.9
157	G034.2573+00.1523 UCHII	18:53:18.79	+01:14:56.35	50.41	1.50	2771.66	0.78		 	 	 	2.1	0.057	3.42	 	6.87
158	G034.2581+00.1533 UCHII	18:53:18.68	+01:15:00.69	35.87	1.50				 	 	 	2.1	0.015	3.04	 	6.87
159	G034.4032+00.2277 UCHII	18:53:18.67	+01:24:47.67	8.92	1.74				 	 	 	2.1	0.015	2.89	 	6.87
160	G034.5920+00.2434 UCHII	18:53:35.99	+01:35:18.35	20.23	2.72	14.97	0.61	49.67	130.38	412.32	931.48	2.1	0.018	2.16	3.82	6.87
161	G035.0242+00.3502 UCHII	18:54:00.49	+02:01:18.30	11.44	1.55	35.02	0.08	14.42	23.93	182.79	482.14	16.4	0.18	2.13	4.35	10.6
162	G035.0524-00.5177 UCHII	18:57:09.03	+01:39:02.85	67.75	3.67	22.25	1.11	17.56	116.41	171.48	 	10.4	0.078	2.37	5.6	5.97
163	G035.4570-00.1791 UCHII	18:56:41.04	+02:09:55.52	7.52	1.68		-0.49	90.38	127.87	785.46	2342.59	10.6	0.17	2.39	4.97	6.07
164	G035.4669+00.1394 UCHII	18:55:34.16	+02:19:10.69	317.60	5.12	12.75	0.12	1.65	3.02	20.94	56.69	9.72	0.079	2.12	4.31	5.67
165	G035.5781-00.0305 UCHII	18:56:22.57	+02:20:27.82	187.75	2.53	573.76	0.19	484.27	668.88	4448.55	13779.98	8.8	0.21	2.77	5.7	5.28
166	G036.4057+00.0226 UCHII	18:57:41.98	+03:06:05.47	22.34	1.86	252.49	0.79	63.64	142.12	506.18	1380.06	10.4	0.1	3.16	5.59	6.05
167	G036.4062+00.0221 UCHII	18:57:42.14	+03:06:06.39	9.31	1.62	58.2	0.05	75.91	124.39	561.88	1345.25	3.8	0.02	2.5	4.28	5.89
168	G037.5457-00.1120 UCHII	19:00:15.95	+04:03:12.95	406.46	8.18	52.18	-0.55	55.1	110.72	501.24	1244.41	3.8	0.03	2.24	 	5.89
169	G037.7347-00.1128 UCHII	19:00:36.99	+04:13:18.60	16.02	1.76	913.02	-0.09	355.43	517.81	2548.83	6332.31	10	0.39	2.47	5.5	6.12
170	G037.7562+00.5605 UCHII	18:58:15.29	+04:32:56.02	35.68	7.02	2.28	0.41	6.36	25.45	79.5	134.37	10.3	0.088	2.41	5.01	6.31
171	G037.8197+00.4140 UCHII	18:58:53.52	+04:32:17.50	25.99	4.26		-0.16	43.19	53.63	511.81	1453.7	12.2	0.41	1.55	4.5	7.55
172	G037.8209+00.4125 UCHII	18:58:54.04	+04:32:18.70	20.24	2.22	81.53	-0.27	10.55	18.52	148.25	470.25	12.2	0.24	1.85	 	7.57
173	G037.8683-00.6008 UCHII	19:02:36.16	+04:07:01.26	210.28	5.18	51.89	-0.28	8.08	15.24	116.91	346.93	12.2	0.095	2.3	5.17	7.57
174	G037.8731-00.3996UCHII	19:01:53.59	+04:12:51.73	2561.21	8.92		-0.1	141.33	212.42	1104.76	3111.53	10	0.24	2.58	5.76	6.17
175	G037.9723-00.0965 UCHII	19:00:59.67	+04:26:25.93	20.89	2.45	5189.35	0.29		 	 	 	9.4	0.4	3.2	5.73	5.87
176	G038.5493+00.1646 UCHII	19:01:07.57	+05:04:22.43	88.30	8.28	26.37	0.06	8.41	16.18	117.41	329.87	9.74	0.09	2.23	3.84	6.05
177	G038.6465-00.2260 UCHII	19:02:41.71	+04:58:50.26	11.52	2.51	248.94	-0.35	95.57	104.48	677.19	2060.49	2.07	0.081	1.8	 	7
178	G038.6529+00.0875 UCHII	19:01:35.26	+05:07:47.45	7.84	1.60	35.13	-0.4	24.02	38.61	341.05	891.27	4.7	0.046	1.95	3.61	5.65
179	G038.6934-00.4524 UCHII	19:03:35.36	+04:55:06.82	19.88	2.69	36.01	-0.39	2.44	6.81	56.82	173.26	17.1	0.13	2.18	4.9	11.7
180	G038.8756+00.3080 UCHII	19:01:12.54	+05:25:43.62	311.31	3.57		-0.07	16.84	30.05	234.87	648.54	9.9	0.11	2.13	4.22	6.24
181	G039.1956+00.2255 UCHII	19:02:05.58	+05:40:31.72	62.27	1.95	599.65	0.29	48.16	66.43	396.82	1100.65	15.9	0.25	3.08	5.43	10.7
182	G039.8824-00.3460 UCHII	19:05:24.14	+06:01:26.61	276.87	3.81	100.08	0.63	27.49	48.95	220.85	630.23	15.9	0.093	2.9	5.49	10.8
183	G040.4251+00.7002 UCHII	19:02:39.61	+06:59:08.63	11.10	2.95	636.36	0.12	56.13	115.25	700.94	1888.43	9.1	0.15	2.97	4.63	6.03
184	G041.7419+00.0973 UCHII	19:07:15.57	+07:52:43.55	227.40	5.61		-0.67	18.42	57.91	231.5	605.19	12.1	0.15	1.8	5.26	7.88
185	G042.1090-00.4469 UCHII	19:09:53.56	+07:57:14.84	14.80	1.84	584.48	-0.19	135.8	201.4	1125.66	3197.17	11.8	0.31	2.55	4.79	7.86
186	G042.4345-00.2605 UCHII	19:09:49.90	+08:19:43.99	83.65	3.63		-0.23	102.82	139.53	693.42	1759.7	8.8	0.047	2.33	4.37	6.22
187	G043.1460+00.0139 UCHII	19:10:10.63	+09:05:13.70	694.60	6.22		-0.33	673	884.65	1998.88	4439.75	5.1	0.082	2.49	5.21	5.85
188	G043.1489+00.0130 UCHII	19:10:11.04	+09:05:20.17	44.13	1.65		-1.41	340.7	925.01	4357.36	6808.83	11.1	0.089	2.9	5.09	7.6
189	G043.1520+00.0115 UCHII	19:10:11.74	+09:05:27.13	306.63	2.61		-0.32	198.77	406.81	1666.28	5187.89	11.1	0.11	3.34	 	7.6
190	G043.1651-00.0283 UCHII	19:10:22.01	+09:05:03.22	2714.29	9.61		0.24		 	 	 	11.1	0.51	3.16	5.47	7.6
191	G043.1652+00.0129 UCHII	19:10:12.90	+09:06:11.57	160.07	2.07		0.22		 	 	 	11.1	0.075	3.26	 	7.6
192	G043.1657+00.0116 UCHII	19:10:13.23	+09:06:11.46	98.25	1.84		-1.05		140.18	1391.33	2510.54	11.1	0.059	3.15	 	7.6
193	G043.1665+00.0106 UCHII	19:10:13.55	+09:06:12.52	1365.68	3.68		0.48		182.69	1663.19	3472.96	11.1	0.18	3.69	5.68	7.6
194	G043.1674+00.0128 UCHII	19:10:13.16	+09:06:18.57	74.54	1.73		-0.77	43.36	134.68	861.46	2752.1	11.1	0.093	3.09	 	7.6
195	G043.1677+00.0196 UCHII	19:10:11.76	+09:06:32.87	115.47	4.16		-1.12	62.04	141.54	751.87	2375.49	11.1	0.21	2.51	 	7.6
196	G043.1684+00.0087 UCHII	19:10:14.15	+09:06:15.01	185.25	2.31		-0.97		 	 	 	11.1	0.097	3.23	 	7.6
197	G043.1684+00.0124 UCHII	19:10:13.36	+09:06:21.41	63.60	1.50		-0.84	182.89	342.97	900.96	2483.86	11.1	0.081	3.14	 	7.6
198	G043.1699+00.0115 UCHII	19:10:13.73	+09:06:24.59	43.79	2.13		-1.36	40.44	105.66	647.46	1682.22	11.1	0.081	2.67	 	7.6
199	G043.1701+00.0078 UCHII	19:10:14.72	+09:06:19.18	1108.08	7.53		-0.41		 	1189.51	 	11.1	0.4	2.98	 	7.61
200	G043.1706-00.0003 UCHII	19:10:16.37	+09:06:07.21	170.72	1.82		-0.56	23.93	47.47	447.07	 	11.1	0.054	3.4	5.84	7.61
201	G043.1716+00.0001 UCHII	19:10:16.39	+09:06:10.98	51.74	2.66		-1.73	55.98	103.09	790.68	2386.61	11.1	0.12	2.55	 	7.61
202	G043.1720+00.0080 UCHII	19:10:14.71	+09:06:25.78	98.59	2.62		-1.57		 	 	 	11.1	0.11	2.85	 	7.61
203	G043.1763+00.0248 UCHII	19:10:11.54	+09:07:06.65	159.42	4.51		-1.05	133.77	263.68	935.86	3289.25	11.1	0.23	2.58	5.24	7.61
204	G043.1778-00.5181 UCHII	19:12:08.78	+08:52:05.98	181.65	7.16		-0.1	160.36	233.12	1549.17	4098.2	8.2	0.28	2.24	5.17	6.15
205	G043.2371-00.0453 UCHII	19:10:33.51	+09:08:24.47	178.78	3.77		-0.6	25.99	78.06	479.57	1437.11	11.9	0.2	2.79	5.49	8.15
206	G043.3064-00.2114 UCHII	19:11:17.05	+09:07:28.96	20.08	2.53		0.78	29.58	68.73	322.74	807.95	4.4	0.043	2.19	5.15	6.1
207	G043.7954-00.1274 UCHII	19:11:54.03	+09:35:49.99	24.58	1.83		0.41	55.9	293.62	939.12	1831.11	9.2	0.045	2.56	5.51	6.63
208	G043.7960-00.1286 UCHII	19:11:54.37	+09:35:49.75	9.78	2.38		-0.53	59.29	134.84	798.18	1934.54	9.2	0.08	1.93	 	6.63
209	G043.8894-00.7840 UCHII	19:14:26.11	+09:22:35.18	528.18	5.38		0.29	235.66	375.67	1818.43	5420.25	4.4	0.11	2.95	4.23	6.14
210	G043.9675+00.9939 UCHII	19:08:11.03	+10:16:02.98	41.33	1.71			32.88	46.75	202.65	613.68	14.1	0.12	2.84	5.28	9.93
211	G044.3103+00.0410 UCHII	19:12:15.73	+10:07:53.58	5.47	1.68		0.16	31.5	41.65	265.33	653.53	8	0.065	1.98	5.42	6.24
212	G044.4228+00.5377 UCHII	19:10:41.00	+10:27:39.91	4.27	1.60		0	4.97	6.76	77.43	272.3	17.9	0.14	1.91	4.51	13.2
213	G045.0694+00.1323 UCHII	19:13:21.85	+10:50:47.63	46.17	1.96		0.02		 	 	 	4.4	0.028	2.77	 	6.23
214	G045.0712+00.1321 UCHII	19:13:22.11	+10:50:52.63	146.67	1.89		1.05		 	 	 	4.4	0.026	3.3	5.64	6.23
215	G045.1223+00.1321 UCHII	19:13:27.96	+10:53:35.69	2984.27	7.46		0.58		 	 	 	4.4	0.16	3.42	5.31	6.23
216	G045.1242+00.1356 UCHII	19:13:27.44	+10:53:47.90	62.55	4.83		-0.99	166.07	260.89	4049.91	8943.36	4.4	0.098	2.12	 	6.23
217	G045.4545+00.0591 UCHII	19:14:21.31	+11:09:11.70	1029.45	7.61		-0.27	704.08	1487.07	5402.69	16875.34	7.2	0.26	2.94	5.63	6.18
218	G045.4559+00.0613 UCHII	19:14:21.09	+11:09:21.61	51.59	3.38		-1.77	187.57	393.95	2661.24	8733.53	7.2	0.1	2.35	 	6.18
219	G045.4656+00.0452 UCHII	19:14:25.69	+11:09:25.24	62.26	1.70		0.71	32.56	103.05	98.79	 	6	0.049	3.02	5.12	6.06
220	G045.5431-00.0073 UCHII	19:14:45.74	+11:12:05.08	49.16	5.97		-0.38	52.16	74.41	726.58	2139.1	5.89	0.17	1.83	3.96	6.07
221	G048.6099+00.0270 UCHII	19:20:30.64	+13:55:42.21	131.22	7.06			476.67	427.73	910.97	2074.39	10.8	0.36	2.11	5.09	8.18
222	G048.9296-00.2793 UCHII	19:22:14.98	+14:04:00.67	185.39	6.16			72.36	120.43	 	 	5.4	0.16	2.38	4.36	6.41
223	G048.9901-00.2988 UCHII	19:22:26.11	+14:06:39.65	7.53	1.76			40.73	98.8	181.77	667.17	5.4	0.046	2.07	4.93	6.42
224	G049.2679-00.3374 UCHII	19:23:07.00	+14:20:15.81	102.61	6.22				 	 	 	5.4	0.16	2.11	4.18	6.44
225	G049.3666-00.3010 UCHII	19:23:10.61	+14:26:30.89	180.93	3.70			44.28	116.96	 	 	5.4	0.089	2.81	 	6.45
226	G049.4640-00.3511 UCHII	19:23:32.99	+14:30:14.83	698.65	5.76			46.41	115.48	734.54	3201.85	5.46	0.15	3.01	 	6.46
227	G049.4891-00.3763 UCHII	19:23:41.44	+14:30:51.41	217.31	3.07				 	 	 	5.46	0.071	3.05	5.67	6.46
228	G049.4905-00.3688 UCHII	19:23:39.93	+14:31:09.37	3821.72	5.76				 	 	 	5.4	0.15	3.75	5.36	6.46
229	G050.3152+00.6762 UCHII	19:21:27.51	+15:44:21.11	81.31	2.11			79.77	106.53	858.95	2480.15	1.9	0.014	2.95	3.93	7.43
230	G050.3157+00.6747 UCHII	19:21:28.17	+15:44:21.65	73.26	9.82			191.53	178.21	1536.99	4672.83	8.58	0.4	1.57	 	7.26
231	G051.6785+00.7193 UCHII	19:23:58.82	+16:57:41.54	22.55	1.79				 	 	 	10.5	0.091	2.54	5.28	8.48
232	G052.7533+00.3340 UCHII	19:27:32.21	+17:43:26.83	386.03	8.66			246.92	275.77	1925.19	5219.79	9.3	0.38	2.4	4.54	7.94
233	G053.9589+00.0320 UCHII	19:31:05.22	+18:38:16.91	46.00	2.32			72.29	97.01	674.4	1980.35	5	0.044	2.62	4.7	6.87
234	G058.7739+00.6457 UCHII	19:38:48.65	+23:08:40.13	4.76	2.72			108.24	160.66	1232.48	3168.97	4.4	0.049	1.5	4.42	7.27
235	G059.6027+00.9118 UCHII	19:39:34.65	+23:59:49.16	68.76	1.70			12.03	39.88	99.68	244.34	4.2	0.034	3.07	4.21	7.33
236	G060.8842-00.1286 UCHII	19:46:20.14	+24:35:29.24	18.67	1.50				 	 	 	2.16	0.016	2.61	4.23	7.68
237	G061.4763+00.0892 UCHII	19:46:49.07	+25:12:44.00	718.71	6.54				752.61	5192.64	15695.08	4.01	0.12	2.92	5.49	7.47
238	G061.4770+00.0891 UCHII	19:46:49.22	+25:12:48.04	66.92	1.53				198.75	 	 	4.01	0.03	3.15	 	7.47
239	G061.7207+00.8630 UCHII	19:44:23.64	+25:48:43.42	101.30	2.43			82.01	87.55	520.03	1465.15	14	0.13	2.92	5.59	12.5