#                Mst       Rst                 Lst                 Tst                Phi                 sig
      0.99990000E-01       1.2696125           16.939039           10397.497          0.15610510E+38      0.37073964E-17
      0.10551553           1.2470867           18.677999           10750.623          0.43420659E+38      0.39374612E-17
      0.11134641           1.2251477           20.594673           11114.558          0.12758153E+39      0.42808277E-17
      0.11749951           1.2046522           22.690097           11483.419          0.36145595E+39      0.45706897E-17
      0.12399263           1.1839018           25.013649           11869.474          0.63922711E+39      0.46430483E-17
      0.13084457           1.1645449           27.550731           12260.433          0.99635066E+39      0.46659925E-17
      0.13807515           1.1470553           30.308843           12651.581          0.20766816E+40      0.47533883E-17
      0.14570530           1.1328585           33.250814           13028.831          0.41278035E+40      0.48257875E-17
      0.15375710           1.1415795           35.759893           13217.359          0.63960125E+40      0.48527681E-17
      0.16225385           1.1559966           38.272612           13359.582          0.90461205E+40      0.48717028E-17
      0.17122013           1.1834890           40.515958           13392.886          0.10212360E+41      0.48757702E-17
      0.18068190           1.2212538           42.544398           13346.306          0.97842106E+40      0.48699117E-17
      0.19066654           1.2671358           44.450546           13246.726          0.84282222E+40      0.48569155E-17
      0.20120293           1.3189190           46.276189           13115.535          0.68013259E+40      0.48385459E-17
      0.21232157           1.3735404           48.167274           12981.408          0.54901871E+40      0.48179225E-17
      0.22405464           1.4294333           50.168135           12855.193          0.47127681E+40      0.47938112E-17
      0.23643609           1.4868095           52.308477           12737.095          0.40989707E+40      0.47706446E-17
      0.24950175           1.5457397           54.545052           12623.392          0.35698461E+40      0.47479811E-17
      0.26328943           1.6064170           56.905398           12514.468          0.31358251E+40      0.47250684E-17
      0.27783903           1.6667432           59.459184           12421.408          0.28100084E+40      0.47041778E-17
      0.29319265           1.7280010           62.176664           12336.350          0.25512216E+40      0.46842808E-17
      0.30939472           1.7946139           64.919271           12236.590          0.22555989E+40      0.46598161E-17
      0.32649214           1.8591926           67.978720           12161.387          0.20595194E+40      0.46376601E-17
      0.34453437           1.9205754           71.346474           12110.994          0.19759616E+40      0.46228986E-17
      0.36357363           1.9806966           75.022611           12076.490          0.19512311E+40      0.46125255E-17
      0.38366502           2.0388936           79.004083           12057.741          0.19891143E+40      0.46068184E-17
      0.40486668           2.0931738           83.407336           12062.831          0.21190400E+40      0.46083267E-17
      0.42723995           2.1433833           88.256995           12090.278          0.23537951E+40      0.46165542E-17
      0.45084959           2.1881799           93.706121           12146.363          0.27638973E+40      0.46333048E-17
      0.47576393           2.2205605           100.07844           12257.485          0.36013071E+40      0.46651480E-17
      0.50205504           2.2422125           107.43169           12416.392          0.50352253E+40      0.47029850E-17
      0.52979903           2.2595684           115.53686           12595.396          0.72343420E+40      0.47417054E-17
      0.55907617           2.2756957           124.30521           12782.290          0.10442521E+41      0.47794394E-17
      0.58997120           2.2918009           133.73012           12972.292          0.15033656E+41      0.48161477E-17
      0.62257351           2.3112174           143.72915           13152.721          0.22698351E+41      0.48438757E-17
      0.65697745           2.3302415           154.37538           13334.851          0.34753273E+41      0.48684412E-17
      0.69328258           2.3492702           165.88300           13521.624          0.53821759E+41      0.48911272E-17
      0.73159396           2.3756002           177.74181           13680.680          0.78795532E+41      0.49081190E-17
      0.77202247           2.4016620           190.36649           13841.746          0.11587494E+42      0.49232157E-17
      0.81468508           2.4253607           204.10244           14015.874          0.17211777E+42      0.49383620E-17
      0.85970527           2.4525251           218.55092           14178.603          0.21259048E+42      0.49636105E-17
      0.90721331           2.4848222           233.60842           14322.647          0.25795229E+42      0.49833947E-17
      0.95734669           2.5199906           249.66554           14460.668          0.31139761E+42      0.50004346E-17
       1.0102505           2.5538486           266.85770           14605.649          0.37847522E+42      0.50162969E-17
       1.0660778           2.5954871           284.42799           14720.825          0.44671468E+42      0.50275123E-17
       1.1249901           2.6336463           303.79231           14856.471          0.53810728E+42      0.50391236E-17
       1.1871581           2.6976250           321.23378           14885.522          0.58447058E+42      0.50415239E-17
       1.2527614           2.7545030           340.66923           14948.965          0.65562992E+42      0.50462015E-17
       1.3219901           2.8327154           358.92803           14934.828          0.68217003E+42      0.50452043E-17
       1.3950444           2.9197426           377.56173           14897.956          0.69432709E+42      0.50424276E-17
       1.4721357           3.0092810           396.91404           14859.200          0.70493583E+42      0.50393201E-17
       1.5534872           3.1109245           415.86827           14785.755          0.69210786E+42      0.50332532E-17
       1.6393342           3.2204147           435.20406           14698.472          0.66977126E+42      0.50253375E-17
       1.7299252           3.3580288           452.15468           14532.247          0.60052513E+42      0.50084947E-17
       1.8255223           3.5442618           464.44070           14240.450          0.47670605E+42      0.49721451E-17
       1.9264022           3.7249681           479.17851           13999.607          0.39851118E+42      0.49356515E-17
       2.0328569           3.9188442           493.67607           13751.044          0.25117715E+42      0.49149472E-17
       2.1451942           4.1338009           507.40038           13480.856          0.15192358E+42      0.48863595E-17
       2.2637395           4.3769872           519.71603           13179.763          0.86497245E+41      0.48477200E-17
       2.3888357           4.6542742           530.20857           12845.269          0.49050998E+41      0.47919733E-17
       2.5208447           4.9904096           536.88075           12443.830          0.26363060E+41      0.47093989E-17
       2.6601488           5.3921896           539.93394           11988.446          0.12384301E+41      0.45940723E-17
       2.8071508           5.8850108           538.24254           11466.526          0.82354743E+40      0.45600099E-17
       2.9622764           6.5435837           528.74195           10826.007          0.15033599E+40      0.40092954E-17
       3.1259743           7.5488544           505.07535           9965.5113          0.15245253E+39      0.35705911E-17
       3.2987183           10.462052           433.08089           8152.9379          0.12503491E+36      0.34419607E-17
       3.4810083           27.652262           904.30866           6022.3737          0.59635001E+30      0.14938081E-17
       3.6733717           31.035243           1084.0109           5948.0760          0.41289910E+30      0.14555632E-17
       3.8763654           32.564769           1251.2585           6018.8535          0.76666864E+30      0.14868023E-17
       4.0905766           32.788746           1424.2429           6195.5650          0.29542834E+31      0.16001093E-17
       4.3166253           32.184239           1607.6897           6445.8403          0.43312436E+32      0.20405226E-17
       4.5551657           31.140777           1813.2728           6752.9173          0.14463575E+33      0.20352703E-17
       4.8068880           29.752630           2055.5319           7128.9675          0.74477332E+33      0.21019212E-17
       5.0725207           28.348310           2338.4220           7542.5624          0.94501730E+34      0.22033011E-17
       5.3528325           26.866035           2688.7934           8022.8765          0.51193010E+36      0.35713336E-17
       5.6486346           25.499306           3151.6834           8568.7805          0.11152985E+38      0.35119242E-17
       5.9607829           24.075458           3743.7143           9206.3489          0.12701720E+39      0.34557891E-17
       6.2901809           22.542032           4507.7582           9966.5754          0.13646774E+40      0.35708537E-17
       6.6377816           20.866061           5476.7234           10876.194          0.17821108E+41      0.40563988E-17
       7.0045910           19.049216           6711.3864           11976.894          0.15548542E+42      0.45985993E-17
       7.3916707           17.064767           8270.6832           13331.990          0.18510166E+43      0.48682425E-17
       7.8001407           14.972856           10168.783           14990.541          0.20318641E+44      0.50492360E-17
       8.2311831           12.849337           12379.413           16999.050          0.20091996E+45      0.49980609E-17
       8.6860452           10.827740           14859.650           19377.018          0.11276376E+46      0.48559593E-17
       9.1660435           9.0341770           17557.697           22126.334          0.52992715E+46      0.46687799E-17
       9.6725668           7.4979207           20317.100           25189.963          0.39952914E+47      0.43417625E-17
       10.207081           6.4974614           22179.906           27800.202          0.69846766E+47      0.41853340E-17
       10.771133           5.5824734           23709.700           30330.000          0.26468123E+48      0.38828626E-17
       11.366355           5.0211223           23554.681           31930.256          0.26911858E+48      0.38149403E-17
       11.994469           4.7181764           22893.360           32703.627          0.32343712E+48      0.37614978E-17
       12.657294           4.6351316           22804.109           32962.728          0.35042967E+48      0.37414094E-17
       13.356747           4.6875698           24038.082           33212.297          0.39570611E+48      0.37252598E-17
       14.094852           4.7801015           25982.303           33534.334          0.46593527E+48      0.37041260E-17
       14.873745           4.8925760           28334.032           33872.736          0.55574552E+48      0.36803132E-17
       15.695681           5.0159730           30910.458           34190.064          0.65274551E+48      0.36578452E-17
       16.563038           5.1606313           33945.704           34505.473          0.76652804E+48      0.36344090E-17
       17.478325           5.3164526           37134.263           34767.492          0.88636753E+48      0.36130897E-17
       18.444192           5.4904409           40647.834           34994.826          0.10182081E+49      0.35928585E-17
       19.463434           5.6759293           44075.175           35121.932          0.11283831E+49      0.35820566E-17
       20.539000           5.8692400           44641.600           34649.400          0.10393308E+49      0.36229080E-17
